5.827340349699999933e+04 7.150999999999999801e+00 2.500000000000000139e-02
5.827340468800000235e+04 7.071000000000000618e+00 2.400000000000000050e-02
5.827435918300000776e+04 7.224000000000000199e+00 2.400000000000000050e-02
5.827436037699999724e+04 7.160000000000000142e+00 2.400000000000000050e-02
5.827642729400000826e+04 7.408999999999999808e+00 2.200000000000000219e-02
5.827642848699999740e+04 7.362000000000000099e+00 2.200000000000000219e-02
5.827735746599999402e+04 7.498999999999999666e+00 2.200000000000000219e-02
5.827735865000000194e+04 7.514999999999999680e+00 2.200000000000000219e-02
5.827842865299999539e+04 7.457999999999999297e+00 5.200000000000000455e-02
5.827842984099999740e+04 7.527000000000000135e+00 5.999999999999999778e-02
5.828438224800000171e+04 7.434999999999999609e+00 2.100000000000000130e-02
5.828438344099999813e+04 7.386000000000000121e+00 2.100000000000000130e-02
5.828643067799999699e+04 7.257000000000000561e+00 2.000000000000000042e-02
5.828643186299999797e+04 7.395999999999999908e+00 2.100000000000000130e-02
5.828734378999999899e+04 7.248999999999999666e+00 2.100000000000000130e-02
5.828734498400000302e+04 7.207000000000000739e+00 2.100000000000000130e-02
5.828833372799999779e+04 7.242000000000000881e+00 2.200000000000000219e-02
5.828833491299999878e+04 7.142000000000000348e+00 2.100000000000000130e-02
5.829040985599999112e+04 7.219999999999999751e+00 2.400000000000000050e-02
5.829041104600000108e+04 7.153999999999999915e+00 2.500000000000000139e-02
5.829134364299999288e+04 7.122000000000000774e+00 2.299999999999999961e-02
5.829134483699999691e+04 7.091000000000000192e+00 2.200000000000000219e-02
5.829234415399999853e+04 7.105000000000000426e+00 2.100000000000000130e-02
5.829234534600000188e+04 7.125000000000000000e+00 2.100000000000000130e-02
5.829331982399999833e+04 6.794999999999999929e+00 5.799999999999999600e-02
5.829332102000000305e+04 6.703999999999999737e+00 5.900000000000000383e-02
5.829530174500000430e+04 6.774000000000000021e+00 2.899999999999999800e-02
5.829530294800000411e+04 6.756000000000000227e+00 2.899999999999999800e-02
5.829832190199999604e+04 6.638999999999999346e+00 3.099999999999999978e-02
5.829832308500000363e+04 6.812000000000000277e+00 3.200000000000000067e-02
5.829943140499999572e+04 6.877000000000000668e+00 3.799999999999999906e-02
5.829943259899999975e+04 6.767999999999999794e+00 3.700000000000000511e-02
5.830035206199999811e+04 6.727000000000000313e+00 2.799999999999999711e-02
5.830035326199999690e+04 6.792000000000000703e+00 2.899999999999999800e-02
5.830138170499999251e+04 6.722000000000000419e+00 2.700000000000000316e-02
5.830138289900000382e+04 6.719999999999999751e+00 2.799999999999999711e-02
5.830637530700000207e+04 6.735000000000000320e+00 2.100000000000000130e-02
5.830637649800000509e+04 6.772999999999999687e+00 2.100000000000000130e-02
5.830638518599999952e+04 6.692999999999999616e+00 2.100000000000000130e-02
5.830638637600000220e+04 6.687999999999999723e+00 2.100000000000000130e-02
5.830743015399999422e+04 6.605999999999999872e+00 2.000000000000000042e-02
5.830743133700000180e+04 6.687999999999999723e+00 2.000000000000000042e-02
5.830838131799999246e+04 6.647999999999999687e+00 2.000000000000000042e-02
5.830838251599999785e+04 6.572999999999999510e+00 2.000000000000000042e-02
5.830941790800000308e+04 6.443999999999999950e+00 2.000000000000000042e-02
5.830941911499999696e+04 6.428999999999999382e+00 2.000000000000000042e-02
5.831041788899999665e+04 6.403999999999999915e+00 1.899999999999999953e-02
5.831041907200000423e+04 6.467000000000000526e+00 2.000000000000000042e-02
5.831127502999999706e+04 6.282000000000000028e+00 2.000000000000000042e-02
5.831127622400000109e+04 6.337999999999999190e+00 2.100000000000000130e-02
5.831241739600000437e+04 6.387999999999999901e+00 1.899999999999999953e-02
5.831241858900000079e+04 6.418999999999999595e+00 1.899999999999999953e-02
5.831342089099999430e+04 6.326000000000000512e+00 1.899999999999999953e-02
5.831342208099999698e+04 6.452000000000000846e+00 2.000000000000000042e-02
5.831825527400000283e+04 6.112000000000000099e+00 2.000000000000000042e-02
5.831825646499999857e+04 6.071000000000000618e+00 2.000000000000000042e-02
5.831841642599999614e+04 6.150999999999999801e+00 1.899999999999999953e-02
5.831841761499999848e+04 6.167999999999999261e+00 1.899999999999999953e-02
5.831940560199999891e+04 6.102000000000000313e+00 2.200000000000000219e-02
5.831940679500000260e+04 6.142999999999999794e+00 2.200000000000000219e-02
5.832028379500000301e+04 6.038999999999999702e+00 2.000000000000000042e-02
5.832028498500000569e+04 6.064000000000000057e+00 2.000000000000000042e-02
5.832138901500000065e+04 6.387999999999999901e+00 1.030000000000000082e-01
5.832139020399999572e+04 6.370000000000000107e+00 9.900000000000000466e-02
5.832335145399999601e+04 5.937000000000000277e+00 2.000000000000000042e-02
5.832335264299999835e+04 5.980999999999999872e+00 2.100000000000000130e-02
5.832530622299999959e+04 5.839999999999999858e+00 3.099999999999999978e-02
5.832530741100000159e+04 5.817999999999999616e+00 3.400000000000000244e-02
5.832922498600000108e+04 5.801000000000000156e+00 2.600000000000000228e-02
5.832922617899999750e+04 5.828999999999999737e+00 2.600000000000000228e-02
5.833129644900000130e+04 5.827000000000000846e+00 2.100000000000000130e-02
5.833129764299999806e+04 5.841000000000000192e+00 2.100000000000000130e-02
5.833337749700000131e+04 5.987999999999999545e+00 7.099999999999999367e-02
5.833337868600000365e+04 6.000000000000000000e+00 6.099999999999999867e-02
5.833439846900000703e+04 6.036000000000000476e+00 1.800000000000000211e-02
5.833439965099999972e+04 6.053999999999999382e+00 1.800000000000000211e-02
5.833620356499999616e+04 6.014999999999999680e+00 1.800000000000000211e-02
5.833620475399999850e+04 6.007000000000000561e+00 1.899999999999999953e-02
5.833639956099999836e+04 6.129999999999999893e+00 1.800000000000000211e-02
5.833640074900000036e+04 6.107000000000000206e+00 1.700000000000000122e-02
5.833820071599999937e+04 5.988999999999999879e+00 1.800000000000000211e-02
5.833820190800000273e+04 5.942000000000000171e+00 1.800000000000000211e-02
5.833824553899999592e+04 6.035000000000000142e+00 1.800000000000000211e-02
5.833824673200000689e+04 6.089999999999999858e+00 1.800000000000000211e-02
5.833941049400000338e+04 6.052000000000000490e+00 1.700000000000000122e-02
5.833941168900000048e+04 6.046000000000000263e+00 1.700000000000000122e-02
5.834040597899999557e+04 6.131000000000000227e+00 1.700000000000000122e-02
5.834040716499999689e+04 6.100999999999999979e+00 1.700000000000000122e-02
5.834635150900000008e+04 6.077000000000000846e+00 1.700000000000000122e-02
5.834635270299999684e+04 6.088999999999999524e+00 1.700000000000000122e-02
5.834735192699999607e+04 6.117000000000000881e+00 1.800000000000000211e-02
5.834735312100000738e+04 6.097999999999999865e+00 2.000000000000000042e-02
5.834935273200000665e+04 6.254999999999999893e+00 1.700000000000000122e-02
5.834935392200000206e+04 6.132000000000000561e+00 1.700000000000000122e-02
5.835016521799999464e+04 6.002000000000000668e+00 2.000000000000000042e-02
5.835016641199999867e+04 6.003999999999999559e+00 2.000000000000000042e-02
5.835135326199999690e+04 6.047000000000000597e+00 1.800000000000000211e-02
5.835135445199999958e+04 6.056000000000000050e+00 1.800000000000000211e-02
5.835215985599999112e+04 5.928999999999999382e+00 2.999999999999999889e-02
5.835216103899999871e+04 5.892999999999999794e+00 2.799999999999999711e-02
5.835239908899999864e+04 6.127000000000000668e+00 1.899999999999999953e-02
5.835240028300000267e+04 6.099000000000000199e+00 1.800000000000000211e-02
5.835339739700000064e+04 5.886000000000000121e+00 2.400000000000000050e-02
5.835339858999999706e+04 5.862999999999999545e+00 2.700000000000000316e-02
5.835431273400000646e+04 5.907999999999999474e+00 2.400000000000000050e-02
5.835431392799999594e+04 5.974999999999999645e+00 2.500000000000000139e-02
5.835531325199999992e+04 5.868999999999999773e+00 2.200000000000000219e-02
5.835531444500000362e+04 5.977999999999999758e+00 2.299999999999999961e-02
5.835639680399999634e+04 5.875000000000000000e+00 2.500000000000000139e-02
5.835639799500000663e+04 5.942000000000000171e+00 2.500000000000000139e-02
5.835717105099999753e+04 5.897999999999999687e+00 2.899999999999999800e-02
5.835735566100000142e+04 5.952999999999999403e+00 2.500000000000000139e-02
5.835735685499999818e+04 5.882999999999999119e+00 2.500000000000000139e-02
5.836639264700000058e+04 5.980999999999999872e+00 1.700000000000000122e-02
5.836639383500000258e+04 5.844999999999999751e+00 1.700000000000000122e-02
5.836712297799999942e+04 5.762999999999999901e+00 1.800000000000000211e-02
5.836712417200000345e+04 5.772000000000000242e+00 1.800000000000000211e-02
5.837138464799999929e+04 5.900000000000000355e+00 1.700000000000000122e-02
5.837138584099999571e+04 5.759999999999999787e+00 1.700000000000000122e-02
5.839227841500000068e+04 5.807999999999999829e+00 1.100000000000000110e-02
5.839227939899999910e+04 5.798999999999999488e+00 1.200000000000000025e-02
5.839325223999999434e+04 5.810999999999999943e+00 1.100000000000000110e-02
5.839325322799999412e+04 5.833999999999999631e+00 1.100000000000000110e-02
5.839436818800000037e+04 5.730999999999999872e+00 1.600000000000000033e-02
5.839436917700000049e+04 5.623999999999999666e+00 1.899999999999999953e-02
5.839513839099999313e+04 6.439000000000000057e+00 2.200000000000000219e-02
5.839513937300000543e+04 5.707999999999999297e+00 2.000000000000000042e-02
5.839636525399999664e+04 5.762000000000000455e+00 1.100000000000000110e-02
5.839636623899999540e+04 5.743999999999999773e+00 1.100000000000000110e-02
5.839734332600000198e+04 5.790000000000000036e+00 1.100000000000000110e-02
5.839734450199999992e+04 5.807000000000000384e+00 1.100000000000000110e-02
5.840108283099999244e+04 5.929999999999999716e+00 1.600000000000000033e-02
5.840108400199999596e+04 5.801000000000000156e+00 1.600000000000000033e-02
5.840130441299999802e+04 5.817000000000000171e+00 1.700000000000000122e-02
5.840130558400000155e+04 5.854000000000000092e+00 1.700000000000000122e-02
5.840429934600000706e+04 5.894000000000000128e+00 1.100000000000000110e-02
5.840430052799999976e+04 5.924999999999999822e+00 1.100000000000000110e-02
5.840620064800000546e+04 5.952000000000000846e+00 1.100000000000000110e-02
5.840620182100000238e+04 5.924999999999999822e+00 1.100000000000000110e-02
5.841024623099999735e+04 5.935999999999999943e+00 1.200000000000000025e-02
5.841024740700000257e+04 5.972000000000000419e+00 1.200000000000000025e-02
5.841418284099999437e+04 6.077999999999999403e+00 1.499999999999999944e-02
5.841418401100000483e+04 6.078999999999999737e+00 1.499999999999999944e-02
5.841499618099999498e+04 6.037000000000000810e+00 2.200000000000000219e-02
5.841499735900000087e+04 6.030000000000000249e+00 2.100000000000000130e-02
5.841720398300000670e+04 6.149000000000000021e+00 1.499999999999999944e-02
5.841720515800000430e+04 6.181000000000000050e+00 1.499999999999999944e-02
5.842223275800000556e+04 6.092000000000000526e+00 2.600000000000000228e-02
5.842223393699999724e+04 6.000000000000000000e+00 6.700000000000000400e-02
5.842328724199999851e+04 6.120000000000000107e+00 1.499999999999999944e-02
5.842328841300000204e+04 6.195000000000000284e+00 1.499999999999999944e-02
5.842800427800000034e+04 6.214999999999999858e+00 1.399999999999999856e-02
5.842800547200000437e+04 6.240000000000000213e+00 1.300000000000000114e-02
5.842905269299999782e+04 6.367000000000000881e+00 1.100000000000000110e-02
5.842905388500000117e+04 6.367999999999999439e+00 1.100000000000000110e-02
5.843311207999999169e+04 6.676000000000000156e+00 1.300000000000000114e-02
5.843311327300000266e+04 6.671000000000000263e+00 1.200000000000000025e-02
5.844610485000000335e+04 6.827000000000000846e+00 1.499999999999999944e-02
5.844610605499999656e+04 6.810999999999999943e+00 1.499999999999999944e-02
5.844810844500000530e+04 7.032999999999999474e+00 1.300000000000000114e-02
5.844810964099999546e+04 7.032000000000000028e+00 1.300000000000000114e-02
5.845013240299999597e+04 6.791000000000000369e+00 5.799999999999999600e-02
5.845013297700000112e+04 7.000000000000000000e+00 1.200000000000000025e-02
5.845013416000000143e+04 6.919999999999999929e+00 1.200000000000000025e-02
5.845220117000000755e+04 8.216000000000001080e+00 4.900000000000000189e-02
5.845220235200000025e+04 6.908999999999999808e+00 1.200000000000000025e-02
5.845604961599999660e+04 6.627999999999999226e+00 4.000000000000000083e-02
5.845605021900000429e+04 6.657000000000000028e+00 2.299999999999999961e-02
5.845605141300000105e+04 6.781000000000000583e+00 1.200000000000000025e-02
5.845611739299999317e+04 6.827999999999999403e+00 1.300000000000000114e-02
5.845611857500000042e+04 6.763999999999999346e+00 1.200000000000000025e-02
5.845715840399999433e+04 6.762000000000000455e+00 1.200000000000000025e-02
5.845715958600000158e+04 6.764999999999999680e+00 1.200000000000000025e-02
5.846115706399999908e+04 6.620000000000000107e+00 1.800000000000000211e-02
5.846115788400000019e+04 6.661000000000000476e+00 1.200000000000000025e-02
5.846115906699999323e+04 6.652000000000000135e+00 1.200000000000000025e-02
5.846215105100000073e+04 6.697999999999999510e+00 1.200000000000000025e-02
5.846215223300000071e+04 6.672000000000000597e+00 1.200000000000000025e-02
5.846617790199999581e+04 6.645999999999999908e+00 1.200000000000000025e-02
5.846617908799999714e+04 6.602999999999999758e+00 1.200000000000000025e-02
5.847309789900000033e+04 6.525999999999999801e+00 1.499999999999999944e-02
5.847309904999999708e+04 6.482000000000000206e+00 1.499999999999999944e-02
5.847704589900000428e+04 6.881000000000000227e+00 1.200000000000000025e-02
5.847704707100000087e+04 6.993999999999999773e+00 1.200000000000000025e-02
5.847707518999999593e+04 6.891000000000000014e+00 1.200000000000000025e-02
5.847707635399999708e+04 8.657000000000000028e+00 1.499999999999999944e-02
5.847804941099999996e+04 6.982999999999999652e+00 1.200000000000000025e-02
5.847805057000000670e+04 6.967999999999999972e+00 1.200000000000000025e-02
5.847908881000000110e+04 1.306700000000000017e+01 2.299999999999999961e-02
5.847908997400000226e+04 6.873999999999999666e+00 1.200000000000000025e-02
5.848004914800000552e+04 6.985000000000000320e+00 1.899999999999999953e-02
5.848004994600000646e+04 7.059000000000000163e+00 1.200000000000000025e-02
5.848005111499999475e+04 7.004999999999999893e+00 1.200000000000000025e-02
5.848112921699999424e+04 6.985000000000000320e+00 1.200000000000000025e-02
5.848113038400000369e+04 7.059999999999999609e+00 1.200000000000000025e-02
5.848203445800000191e+04 6.977000000000000313e+00 1.399999999999999856e-02
5.848203562899999815e+04 6.879999999999999893e+00 1.399999999999999856e-02
5.848209511499999644e+04 7.041000000000000369e+00 1.200000000000000025e-02
5.848209627400000318e+04 7.000000000000000000e+00 1.200000000000000025e-02
5.848403521000000183e+04 7.047000000000000597e+00 1.399999999999999856e-02
5.848403636900000856e+04 7.160000000000000142e+00 1.399999999999999856e-02
5.848411387200000172e+04 7.177999999999999936e+00 1.200000000000000025e-02
5.848411503500000254e+04 7.217000000000000526e+00 1.300000000000000114e-02
5.848504411399999663e+04 7.196000000000000618e+00 1.300000000000000114e-02
5.848504527400000370e+04 7.261000000000000121e+00 1.300000000000000114e-02
5.848507542500000272e+04 7.252999999999999226e+00 1.300000000000000114e-02
5.848507658799999626e+04 7.230999999999999872e+00 1.300000000000000114e-02
5.848607687899999291e+04 7.067999999999999616e+00 1.300000000000000114e-02
5.848607804000000033e+04 7.177000000000000490e+00 1.399999999999999856e-02
5.848904572599999665e+04 7.275000000000000355e+00 1.399999999999999856e-02
5.848904689700000017e+04 7.372000000000000774e+00 1.399999999999999856e-02
5.849003495299999486e+04 7.131000000000000227e+00 1.499999999999999944e-02
5.849003611399999500e+04 7.178999999999999382e+00 1.399999999999999856e-02
5.849010825299999851e+04 7.233999999999999986e+00 1.300000000000000114e-02
5.849010941499999899e+04 7.307999999999999829e+00 1.300000000000000114e-02
5.849209684299999208e+04 7.327999999999999403e+00 1.800000000000000211e-02
5.849209771300000284e+04 7.315999999999999837e+00 1.300000000000000114e-02
5.849209888400000636e+04 7.286000000000000476e+00 1.300000000000000114e-02
5.849308879700000398e+04 7.301000000000000156e+00 1.300000000000000114e-02
5.849308996599999955e+04 7.277000000000000135e+00 1.300000000000000114e-02
5.849503462700000091e+04 7.179999999999999716e+00 1.600000000000000033e-02
5.849503579899999750e+04 7.105999999999999872e+00 1.499999999999999944e-02
5.849604578099999344e+04 7.362999999999999545e+00 1.300000000000000114e-02
5.849604694500000187e+04 7.337999999999999190e+00 1.300000000000000114e-02
5.849607515599999169e+04 7.328999999999999737e+00 1.300000000000000114e-02
5.849607632300000114e+04 7.322999999999999510e+00 1.300000000000000114e-02
5.849704497599999740e+04 7.392999999999999794e+00 1.300000000000000114e-02
5.849704613500000414e+04 7.350999999999999979e+00 1.300000000000000114e-02
5.849808535299999494e+04 7.417999999999999261e+00 1.399999999999999856e-02
5.849808652399999846e+04 7.368999999999999773e+00 1.300000000000000114e-02
5.850003367799999978e+04 7.474999999999999645e+00 1.800000000000000211e-02
5.850003484900000331e+04 7.528999999999999915e+00 1.800000000000000211e-02
5.850104291900000680e+04 7.608999999999999986e+00 1.499999999999999944e-02
5.850104408200000762e+04 7.524000000000000021e+00 1.499999999999999944e-02
5.850107706900000630e+04 7.538999999999999702e+00 1.499999999999999944e-02
5.850107823300000746e+04 7.497000000000000774e+00 1.499999999999999944e-02
5.850704102000000421e+04 8.025999999999999801e+00 1.399999999999999856e-02
5.850704219099999318e+04 8.027999999999998693e+00 1.399999999999999856e-02
5.851004458600000362e+04 8.176000000000000156e+00 1.399999999999999856e-02
5.851004574999999750e+04 8.101000000000000867e+00 1.399999999999999856e-02
5.851104492699999537e+04 8.158999999999998920e+00 1.399999999999999856e-02
5.851104609799999889e+04 8.193999999999999062e+00 1.399999999999999856e-02
5.851504247300000134e+04 8.431000000000000938e+00 1.499999999999999944e-02
5.851504363700000249e+04 8.437999999999998835e+00 1.499999999999999944e-02
5.851603552299999865e+04 8.484999999999999432e+00 1.499999999999999944e-02
5.851603669400000217e+04 8.537000000000000810e+00 1.499999999999999944e-02
5.851903543099999661e+04 8.662000000000000810e+00 1.399999999999999856e-02
5.851903643500000180e+04 8.802999999999999048e+00 1.399999999999999856e-02
5.852102856799999427e+04 8.672000000000000597e+00 1.700000000000000122e-02
5.852102956799999811e+04 8.663000000000000256e+00 1.600000000000000033e-02
5.852202379900000233e+04 8.782000000000000028e+00 1.899999999999999953e-02
5.852202480099999957e+04 8.929999999999999716e+00 1.800000000000000211e-02
5.852302315700000327e+04 8.902999999999998693e+00 1.899999999999999953e-02
5.852302415700000711e+04 8.942999999999999616e+00 1.800000000000000211e-02
