2.998367507573349400e+01 9.131756538103736887e+01 1.826994449682856625e-01
3.012237822212053828e+01 9.131748326268339611e+01 1.814043147759890340e-01
3.026054166742231644e+01 9.180539912544804793e+01 1.818998237590410127e-01
3.038432283903305731e+01 9.143275542473763551e+01 1.890587255818360624e-01
3.068009127220170740e+01 9.216022593956495257e+01 1.832217702573464835e-01
3.077288690290377104e+01 9.233568376585257909e+01 1.808623497930888224e-01
3.092985267416606021e+01 9.098520286848726357e+01 1.826242374558606496e-01
3.115111821914604917e+01 9.166058484034621756e+01 1.854896937613635111e-01
3.118984286444259624e+01 9.129858223931027794e+01 1.893117225754499255e-01
3.126937457720536528e+01 9.129658057227288737e+01 1.877931988299224864e-01
3.167560281832363955e+01 9.159002597568849069e+01 1.867040620340717216e-01
3.189894297282441116e+01 9.252957082192860128e+01 1.808396333946967471e-01
3.190627576316858338e+01 9.268553333500065605e+01 1.890547535057928719e-01
3.191244822599297493e+01 9.219822360410604745e+01 1.824816129425056166e-01
3.215792921696775153e+01 9.239216051905613369e+01 1.886191347764492321e-01
3.237101053302713183e+01 9.204770414271349921e+01 1.821584883888191231e-01
3.263970410085156004e+01 9.268564456329217194e+01 1.818325069593834387e-01
3.287767033863939048e+01 9.250011724488821585e+01 1.881974859489453367e-01
3.292063970260489469e+01 9.288257289509951420e+01 1.811893450212725964e-01
3.294340948349520914e+01 9.282150754225430944e+01 1.876681021046443798e-01
3.298310787320863113e+01 9.295730716050613296e+01 1.846628926241165314e-01
3.331319208297350087e+01 9.307053323595665972e+01 1.886456519032083112e-01
3.355264304836974532e+01 9.387289169964203950e+01 1.882672084861822248e-01
3.356479929885298219e+01 9.348973123071831992e+01 1.802288898906659609e-01
3.390505025401925110e+01 9.339606154753190026e+01 1.881764761021411936e-01
3.408523523059106708e+01 9.259081213060868265e+01 1.884688016885857909e-01
3.409243751216727958e+01 9.268404125226290091e+01 1.856865267672404285e-01
3.442455673124461413e+01 9.300979009678810883e+01 1.882237144417457930e-01
3.456571044370632251e+01 9.243071362768252186e+01 1.882545811817913917e-01
3.467410460495861457e+01 9.251621906628705005e+01 1.898437272471231729e-01
3.476279313690540818e+01 9.227567371324819590e+01 1.813970631553794288e-01
3.477463001113792274e+01 9.220515134701021509e+01 1.879509248016025813e-01
3.497615701294235890e+01 9.221395495889996141e+01 1.872145560334979308e-01
3.532008909671196051e+01 9.274366330433377925e+01 1.878299194962176066e-01
3.547148861745297665e+01 9.278305992910281930e+01 1.874064300522320370e-01
3.570937653953671287e+01 9.267168391452737808e+01 1.862367289228132328e-01
3.592614598151658356e+01 9.244267536377364536e+01 1.897792948991497142e-01
3.606920258032995719e+01 9.224060107641547290e+01 1.853969379945153706e-01
3.621435173799478235e+01 9.226236746895239094e+01 1.837396440018715105e-01
3.651164924522860389e+01 9.193494309495521577e+01 1.850344429348503295e-01
3.655268605021836947e+01 9.200142034831245041e+01 1.895277630061071306e-01
3.664115260041494082e+01 9.142853379267927494e+01 1.835550786413454871e-01
3.668142717966258459e+01 9.149876769862372328e+01 1.852043391517243232e-01
3.683462299171089427e+01 9.109516430458428715e+01 1.833510353639947743e-01
3.721814027678687609e+01 9.125126683382968906e+01 1.874261632003168809e-01
3.724426823319078039e+01 9.141278202664024377e+01 1.815623706177269536e-01
3.745527883981673511e+01 9.202967482010855349e+01 1.805903618225238316e-01
3.760766984844928373e+01 9.200540439669320847e+01 1.827661737772796335e-01
3.760957152547800320e+01 9.199827152241023498e+01 1.839999824727066302e-01
3.774562470635012801e+01 9.206423209953767639e+01 1.879614281706127599e-01
3.786238786717771632e+01 9.123656610829718261e+01 1.826461791871563378e-01
4.601591956406772255e+01 8.740101835621503312e+01 1.834942003680629374e-01
4.635679608707392418e+01 8.693339192327002252e+01 1.829312651305065596e-01
4.647100412211221254e+01 8.651586774787097056e+01 1.837743003864894531e-01
4.647360998469737581e+01 8.657436513770456088e+01 1.864388347394502210e-01
4.667144120877071600e+01 8.666549713799541621e+01 1.851472861683533810e-01
4.668624007859947511e+01 8.649546947960810428e+01 1.899821466887193500e-01
4.694482851453307859e+01 8.544468279815694700e+01 1.873106622079445116e-01
4.727244008263158292e+01 8.497909470596727033e+01 1.857085999166138146e-01
4.740302730125566200e+01 8.558443448289732203e+01 1.819056207859384988e-01
4.746900471600464044e+01 8.522064132992846908e+01 1.831052301378921499e-01
4.752973138311621426e+01 8.502011121426913576e+01 1.862191968454956215e-01
4.792738965087842473e+01 8.506901960476672286e+01 1.847199970622018239e-01
4.795980106009123034e+01 8.543637787481075918e+01 1.825195527867289058e-01
4.796012564953473856e+01 8.588689506880209024e+01 1.805838939871695081e-01
4.835489168953934325e+01 8.629816429957503487e+01 1.835709708144329100e-01
4.850143774735305158e+01 8.639662846909999416e+01 1.879655639079648444e-01
4.866749466961158532e+01 8.663642891053557094e+01 1.883741470708854560e-01
4.870041796296579406e+01 8.603071235415058027e+01 1.811882951557655941e-01
4.889580671822626101e+01 8.654009443249998412e+01 1.880725571935122076e-01
4.899323207792357238e+01 8.677597534302229576e+01 1.896169676037939011e-01
4.925959921963455912e+01 8.674505306393872672e+01 1.811559734814552347e-01
4.961299075435955785e+01 8.678924967220224573e+01 1.819451821176398532e-01
4.976272264386658861e+01 8.685935667217849243e+01 1.861740507013773527e-01
4.980520928674218339e+01 8.720354933809001352e+01 1.859433734667918225e-01
5.004373138408151789e+01 8.720913223512744139e+01 1.833576526651098659e-01
5.005833357261167293e+01 8.710655450830181223e+01 1.814360053460529754e-01
5.023238698040097461e+01 8.856317645782007730e+01 1.890961683812517613e-01
5.035931251731778957e+01 8.875768828724395121e+01 1.803713335790061989e-01
5.041549015070324202e+01 8.869226104460763338e+01 1.811946045582773224e-01
5.081295743317108560e+01 8.832501376731191556e+01 1.841249923982680448e-01
5.082500322962764727e+01 8.865500350619979031e+01 1.888302489213244673e-01
5.094890723282101419e+01 8.832626904607030838e+01 1.866678012361780437e-01
5.106621119402218056e+01 8.825007089862012322e+01 1.807712289086310098e-01
5.131352158386956575e+01 8.918535398196044639e+01 1.894116566808323743e-01
5.143231091593471405e+01 8.962955660384368173e+01 1.862599607167079452e-01
5.167662654540431078e+01 8.998778772328327591e+01 1.899376553304542858e-01
5.170876160257914478e+01 9.050005711705445322e+01 1.865482262678315184e-01
5.191307936711364590e+01 8.990818503582960375e+01 1.800822447103717083e-01
5.200841198005844745e+01 8.984260901730289106e+01 1.897576322120874959e-01
5.218109345186176995e+01 9.086879523754842580e+01 1.888029128432805182e-01
5.229299849660069555e+01 9.165824569258620613e+01 1.859605056853106675e-01
5.237925301389871180e+01 9.139451304887361971e+01 1.846915443091866893e-01
5.273601717893509999e+01 9.116306540773628342e+01 1.867739802816371919e-01
5.300380045288432740e+01 9.117208754110600921e+01 1.818535427074508271e-01
5.312990935276709337e+01 9.071590842366556728e+01 1.823275945755909455e-01
5.321513051639805525e+01 9.025804245913082013e+01 1.891755970956489619e-01
5.335745669094092136e+01 9.011397698886878516e+01 1.801541269189585737e-01
5.337384197648914608e+01 9.044195867317291970e+01 1.873456426639792116e-01
5.368513981983974048e+01 9.111497042496735332e+01 1.815112847691684739e-01
5.386283205350454040e+01 9.179211160901843414e+01 1.815848572576461706e-01
6.205962878869977573e+01 8.974522791348267958e+01 1.860813773096697543e-01
6.209289945586961323e+01 9.023538014195831636e+01 1.800283863951478991e-01
6.229519882822623345e+01 8.937072934471635222e+01 1.827777975929489596e-01
6.256228896797011885e+01 8.877129808193835458e+01 1.848726258272293255e-01
6.259882502995179010e+01 8.903272575569999958e+01 1.824761625407186616e-01
6.287357940520669075e+01 8.991436183830838047e+01 1.825455749510324910e-01
6.303426789442290357e+01 9.000502782026043747e+01 1.839898277643896018e-01
6.305369312398341464e+01 9.014295745142052851e+01 1.825177042720676213e-01
6.306648532450605416e+01 8.990087365933460717e+01 1.816556766748053664e-01
6.329789878312582374e+01 8.969861587373473810e+01 1.817624826529024573e-01
6.357679786361645569e+01 8.999902398785920354e+01 1.859833797949403122e-01
6.376099671210538844e+01 9.016597609250786149e+01 1.881989930238073261e-01
6.377053624954588429e+01 9.005468451099443428e+01 1.868721228941170043e-01
6.415885961448358898e+01 9.011311998629214770e+01 1.861022176641164150e-01
6.431555572742347238e+01 8.983075960193581011e+01 1.851697721105132755e-01
6.438905454923914817e+01 8.999821835776761247e+01 1.889811860039473379e-01
6.444156050357203469e+01 9.024924843041796407e+01 1.819772170741423833e-01
6.482894383205440647e+01 8.966815410399811981e+01 1.806666092354765885e-01
6.493192336772698070e+01 8.977570284793944211e+01 1.870488850585783902e-01
6.507113548851506835e+01 8.937010731112462736e+01 1.859933340408689295e-01
6.535056332891839759e+01 8.926883252233109545e+01 1.828196095152806455e-01
6.556227927367655184e+01 9.000997716853311204e+01 1.856844656139427230e-01
6.559945120914983363e+01 9.014968835358841659e+01 1.839568311235728892e-01
6.582095476297861580e+01 8.994594239946836467e+01 1.878333918732610908e-01
6.584344967589002806e+01 8.989506193640384879e+01 1.811536988082920463e-01
6.591417669512114230e+01 8.977858822783022674e+01 1.831415013411943904e-01
6.606523866143410828e+01 8.922176659983385605e+01 1.825913991340624987e-01
6.618481155717455522e+01 8.964284307336018287e+01 1.821884777141306311e-01
6.651841664378413554e+01 9.002430880017520565e+01 1.891712081485159014e-01
6.663580720557665416e+01 9.011129535516136002e+01 1.836309068939270261e-01
6.672428542378257532e+01 9.017093046786399668e+01 1.858256108926030770e-01
6.677326830207128694e+01 9.002809406810207804e+01 1.898761697524905534e-01
6.692780478816786172e+01 9.061255595293991405e+01 1.893278399979441140e-01
6.721478686623827059e+01 9.067828566728597650e+01 1.889253283867970146e-01
6.729636894622493060e+01 9.054492572640930348e+01 1.849613218684580396e-01
6.759484630048901010e+01 9.013964739331608200e+01 1.896285708204913656e-01
6.781856301175183432e+01 9.005878525190881589e+01 1.857090603897367520e-01
6.798960515991701925e+01 8.976974394878645569e+01 1.854390990147838092e-01
6.821677057454174076e+01 8.896338496051200195e+01 1.815057756946749090e-01
6.830332880288430886e+01 8.865624611546779477e+01 1.832785849284365443e-01
6.836209950016633741e+01 8.793798550545604087e+01 1.873864730739101814e-01
6.870924355006073370e+01 8.831023578650130901e+01 1.821222021626018039e-01
6.880267474231727931e+01 8.840497231621756669e+01 1.860842934269851534e-01
6.892663528439639720e+01 8.807138225493149264e+01 1.870158463000297644e-01
6.913883814953004503e+01 8.882368016809890321e+01 1.848238082920961034e-01
6.915108754524611356e+01 8.830700180305515801e+01 1.854260328855752149e-01
6.954480713483140164e+01 8.921018931118967998e+01 1.892151069074938241e-01
6.959611125703732171e+01 8.907965596784204365e+01 1.888688593402186311e-01
6.959648653423201381e+01 8.928868843782065312e+01 1.824068631864479151e-01
6.995152625551827441e+01 8.953297436629587480e+01 1.882294029749025099e-01
