5.040000000000000568e+01 4.233690129483046576e+02 6.033132518015528412e+00
5.070000000000000284e+01 4.155851398953590774e+02 6.033132518015528412e+00
5.095000000000000284e+01 4.104560119825549691e+02 6.033132518015528412e+00
5.125000000000000000e+01 4.171625742842743421e+02 6.033132518015528412e+00
5.155000000000000426e+01 4.186575928886769589e+02 6.033132518015528412e+00
5.195000000000000284e+01 4.263516001472146399e+02 6.033132518015528412e+00
5.230000000000000426e+01 4.171077601062736449e+02 6.033132518015528412e+00
5.265000000000000568e+01 4.219523425046622833e+02 6.033132518015528412e+00
5.305000000000000426e+01 4.187619643853397520e+02 6.033132518015528412e+00
5.340000000000000568e+01 4.261186339972097130e+02 6.033132518015528412e+00
5.370000000000000284e+01 4.287623267410031076e+02 6.033132518015528412e+00
5.405000000000000426e+01 4.366872990944226558e+02 6.033132518015528412e+00
5.440000000000000568e+01 4.325062390256863978e+02 6.033132518015528412e+00
5.460000000000000142e+01 4.369320781438565291e+02 6.033132518015528412e+00
5.495000000000000284e+01 4.294984452891360434e+02 6.033132518015528412e+00
5.525000000000000000e+01 4.371153697601492922e+02 6.033132518015528412e+00
5.545000000000000284e+01 4.388092859437444417e+02 6.033132518015528412e+00
5.580000000000000426e+01 4.315190388740168146e+02 6.033132518015528412e+00
5.620000000000000284e+01 4.370733041068301645e+02 6.033132518015528412e+00
5.660000000000000142e+01 4.381113761643107409e+02 6.033132518015528412e+00
5.685000000000000142e+01 4.429622204844811222e+02 6.033132518015528412e+00
5.710000000000000142e+01 4.613178948364797520e+02 6.033132518015528412e+00
5.745000000000000284e+01 4.452461811187920944e+02 6.033132518015528412e+00
5.780000000000000426e+01 4.449868574721991195e+02 6.033132518015528412e+00
5.805000000000000426e+01 4.456778924389072927e+02 6.033132518015528412e+00
5.840000000000000568e+01 4.450146304639806090e+02 6.033132518015528412e+00
5.865000000000000568e+01 4.480261430402740643e+02 6.033132518015528412e+00
5.900000000000000000e+01 4.448100996788659813e+02 6.033132518015528412e+00
5.930000000000000426e+01 4.478725075715873345e+02 6.033132518015528412e+00
5.965000000000000568e+01 4.462327668863288181e+02 6.033132518015528412e+00
6.000000000000000000e+01 4.500605345922521110e+02 6.033132518015528412e+00
6.020000000000000284e+01 4.460167397054242997e+02 6.033132518015528412e+00
6.055000000000000426e+01 4.547159046030378704e+02 6.033132518015528412e+00
6.080000000000000426e+01 4.493027405273651311e+02 6.033132518015528412e+00
6.115000000000000568e+01 4.259373184077910537e+02 6.033132518015528412e+00
6.140000000000000568e+01 4.512400083362311420e+02 6.033132518015528412e+00
6.170000000000000284e+01 4.409670774236154784e+02 6.033132518015528412e+00
6.200000000000000000e+01 4.425848301445152515e+02 6.033132518015528412e+00
6.230000000000000426e+01 4.402888907817359723e+02 6.033132518015528412e+00
6.270000000000000284e+01 4.416012480940702289e+02 6.033132518015528412e+00
6.310000000000000142e+01 4.394584857686438681e+02 6.033132518015528412e+00
6.340000000000000568e+01 4.290674009149299764e+02 6.033132518015528412e+00
6.375000000000000000e+01 4.484246853987000350e+02 6.033132518015528412e+00
6.410000000000000853e+01 4.196550469349215291e+02 6.033132518015528412e+00
6.440000000000000568e+01 4.304206820566454894e+02 6.033132518015528412e+00
6.475000000000000000e+01 4.157518438699817693e+02 6.033132518015528412e+00
6.500000000000000000e+01 4.278955156992954016e+02 6.033132518015528412e+00
6.525000000000000000e+01 4.262208064916109720e+02 6.033132518015528412e+00
6.560000000000000853e+01 4.327864211063231892e+02 6.033132518015528412e+00
6.585000000000000853e+01 4.312064159739574052e+02 6.033132518015528412e+00
6.620000000000000284e+01 4.223308225216758842e+02 6.033132518015528412e+00
6.654999999999999716e+01 4.136042770102403097e+02 6.033132518015528412e+00
6.690000000000000568e+01 4.140802889890796905e+02 6.033132518015528412e+00
6.715000000000000568e+01 4.222174676148152912e+02 6.033132518015528412e+00
6.750000000000000000e+01 4.012661537611973586e+02 6.033132518015528412e+00
6.779999999999999716e+01 4.138806885999173346e+02 6.033132518015528412e+00
6.804999999999999716e+01 4.026476112521486357e+02 6.033132518015528412e+00
6.845000000000000284e+01 4.064584926174835573e+02 6.033132518015528412e+00
6.885000000000000853e+01 4.083922320128060619e+02 6.033132518015528412e+00
6.915000000000000568e+01 3.937416135586372548e+02 6.033132518015528412e+00
6.945000000000000284e+01 4.015278416777861707e+02 6.033132518015528412e+00
6.975000000000000000e+01 4.013492202201961163e+02 6.033132518015528412e+00
7.010000000000000853e+01 3.944383224577109672e+02 6.033132518015528412e+00
7.035000000000000853e+01 3.980050254143617963e+02 6.033132518015528412e+00
7.060000000000000853e+01 4.093693632543200920e+02 6.033132518015528412e+00
7.090000000000000568e+01 4.015243603347603880e+02 6.033132518015528412e+00
7.110000000000000853e+01 4.054425828497842303e+02 6.033132518015528412e+00
7.154999999999999716e+01 4.024417925886282319e+02 6.033132518015528412e+00
7.190000000000000568e+01 4.101022424651570759e+02 6.033132518015528412e+00
7.215000000000000568e+01 4.105271275175867345e+02 6.033132518015528412e+00
7.240000000000000568e+01 3.979088354719359018e+02 6.033132518015528412e+00
7.279999999999999716e+01 3.950738247682873521e+02 6.033132518015528412e+00
7.315000000000000568e+01 3.938049958378480824e+02 6.033132518015528412e+00
7.365000000000000568e+01 3.973639835348726592e+02 6.033132518015528412e+00
7.400000000000000000e+01 3.942499847080824225e+02 6.033132518015528412e+00
7.429999999999999716e+01 3.931009486299333844e+02 6.033132518015528412e+00
7.465000000000000568e+01 3.950791957015030675e+02 6.033132518015528412e+00
7.495000000000000284e+01 3.992481670168417054e+02 6.033132518015528412e+00
7.540000000000000568e+01 3.820066560776927531e+02 6.033132518015528412e+00
7.565000000000000568e+01 3.965466573901220499e+02 6.033132518015528412e+00
7.595000000000000284e+01 3.941695448596070150e+02 6.033132518015528412e+00
7.629999999999999716e+01 3.861864488690651456e+02 6.033132518015528412e+00
7.660000000000000853e+01 3.827992049804050225e+02 6.033132518015528412e+00
7.690000000000000568e+01 3.730496830405510309e+02 6.033132518015528412e+00
7.725000000000000000e+01 3.829742077947610710e+02 6.033132518015528412e+00
7.765000000000000568e+01 3.765431921110175608e+02 6.033132518015528412e+00
7.795000000000000284e+01 3.829293831537920596e+02 6.033132518015528412e+00
7.830000000000001137e+01 3.786563444328682522e+02 6.033132518015528412e+00
7.855000000000001137e+01 3.738111943754892081e+02 6.033132518015528412e+00
7.900000000000000000e+01 3.651388780221793695e+02 6.033132518015528412e+00
7.935000000000000853e+01 3.868288725935849470e+02 6.033132518015528412e+00
7.965000000000000568e+01 3.842165303710471562e+02 6.033132518015528412e+00
7.995000000000000284e+01 3.807938655347223857e+02 6.033132518015528412e+00
8.030000000000001137e+01 3.887893236541629562e+02 6.033132518015528412e+00
8.065000000000000568e+01 3.817295614360780860e+02 6.033132518015528412e+00
8.095000000000000284e+01 3.901142672407399914e+02 6.033132518015528412e+00
8.120000000000000284e+01 3.857950792969599547e+02 6.033132518015528412e+00
8.155000000000001137e+01 3.818531564911775149e+02 6.033132518015528412e+00
8.185000000000000853e+01 3.893287872311405522e+02 6.033132518015528412e+00
8.215000000000000568e+01 3.925324520138210005e+02 6.033132518015528412e+00
8.245000000000000284e+01 3.892974309578445400e+02 6.033132518015528412e+00
8.275000000000000000e+01 3.959216005332100394e+02 6.033132518015528412e+00
8.310000000000000853e+01 3.879440201327945488e+02 6.033132518015528412e+00
8.345000000000000284e+01 3.808531765491483725e+02 6.033132518015528412e+00
8.365000000000000568e+01 3.865476433802609222e+02 6.033132518015528412e+00
8.390000000000000568e+01 3.900070603662528015e+02 6.033132518015528412e+00
8.425000000000000000e+01 3.950792063391723445e+02 6.033132518015528412e+00
8.460000000000000853e+01 3.878650250654659430e+02 6.033132518015528412e+00
8.495000000000000284e+01 3.871961055417032753e+02 6.033132518015528412e+00
8.520000000000000284e+01 3.826757899704051056e+02 6.033132518015528412e+00
8.560000000000000853e+01 3.835179847589320730e+02 6.033132518015528412e+00
8.590000000000000568e+01 3.825341428203497003e+02 6.033132518015528412e+00
8.620000000000000284e+01 3.878899035901776529e+02 6.033132518015528412e+00
8.655000000000001137e+01 3.883163992303962573e+02 6.033132518015528412e+00
8.680000000000001137e+01 3.813270399990959731e+02 6.033132518015528412e+00
8.705000000000001137e+01 3.771115874886018560e+02 6.033132518015528412e+00
8.735000000000000853e+01 3.858484975625125344e+02 6.033132518015528412e+00
8.765000000000000568e+01 3.889746664705673993e+02 6.033132518015528412e+00
8.795000000000000284e+01 3.963459810269911259e+02 6.033132518015528412e+00
8.830000000000001137e+01 3.829031612061682495e+02 6.033132518015528412e+00
8.865000000000000568e+01 4.008208189385398441e+02 6.033132518015528412e+00
8.895000000000000284e+01 4.009463886722154484e+02 6.033132518015528412e+00
8.930000000000001137e+01 4.041912580093751330e+02 6.033132518015528412e+00
8.960000000000000853e+01 4.003136394420473039e+02 6.033132518015528412e+00
8.995000000000000284e+01 4.059843675484745518e+02 6.033132518015528412e+00
9.025000000000000000e+01 4.020080304550100436e+02 6.033132518015528412e+00
9.060000000000000853e+01 4.146887279616192927e+02 6.033132518015528412e+00
9.090000000000000568e+01 4.167341548350332232e+02 6.033132518015528412e+00
9.125000000000000000e+01 4.177401547225779268e+02 6.033132518015528412e+00
9.155000000000001137e+01 4.155493370792676728e+02 6.033132518015528412e+00
9.185000000000000853e+01 4.245111410717316858e+02 6.033132518015528412e+00
9.215000000000000568e+01 4.206926407622008242e+02 6.033132518015528412e+00
9.245000000000000284e+01 4.330129626808326293e+02 6.033132518015528412e+00
9.280000000000001137e+01 4.269095453458918996e+02 6.033132518015528412e+00
9.310000000000000853e+01 4.321394142159734315e+02 6.033132518015528412e+00
9.350000000000000000e+01 4.390398130635111897e+02 6.033132518015528412e+00
9.385000000000000853e+01 4.383492489781341419e+02 6.033132518015528412e+00
9.415000000000000568e+01 4.373888134939659267e+02 6.033132518015528412e+00
9.440000000000000568e+01 4.423031248445181518e+02 6.033132518015528412e+00
9.470000000000000284e+01 4.497878228648279446e+02 6.033132518015528412e+00
9.500000000000000000e+01 4.426276417248834036e+02 6.033132518015528412e+00
9.535000000000000853e+01 4.517455206782790356e+02 6.033132518015528412e+00
9.560000000000000853e+01 4.545246517752138402e+02 6.033132518015528412e+00
9.590000000000000568e+01 4.567755979239201451e+02 6.033132518015528412e+00
9.620000000000000284e+01 4.627196156235149260e+02 6.033132518015528412e+00
9.645000000000000284e+01 4.612755853032099935e+02 6.033132518015528412e+00
9.680000000000001137e+01 4.727602842386478983e+02 6.033132518015528412e+00
9.710000000000000853e+01 4.586018764389091302e+02 6.033132518015528412e+00
9.750000000000000000e+01 4.661640505808472312e+02 6.033132518015528412e+00
9.775000000000000000e+01 4.754227150764622820e+02 6.033132518015528412e+00
9.805000000000001137e+01 4.676043473583936247e+02 6.033132518015528412e+00
9.825000000000000000e+01 4.797488734156177657e+02 6.033132518015528412e+00
9.860000000000000853e+01 4.732438255250011139e+02 6.033132518015528412e+00
9.895000000000000284e+01 4.782498779058678906e+02 6.033132518015528412e+00
9.915000000000000568e+01 4.882790005062723253e+02 6.033132518015528412e+00
9.945000000000000284e+01 4.869338247871748422e+02 6.033132518015528412e+00
9.965000000000000568e+01 4.685361606851705005e+02 6.033132518015528412e+00
1.000000000000000000e+02 4.904003798627769584e+02 6.033132518015528412e+00
1.003500000000000085e+02 4.881354544235120443e+02 6.033132518015528412e+00
1.007000000000000028e+02 4.858103767256399124e+02 6.033132518015528412e+00
1.009500000000000028e+02 4.840199444683109959e+02 6.033132518015528412e+00
1.012500000000000000e+02 4.885163502140840137e+02 6.033132518015528412e+00
1.015500000000000114e+02 4.797832397950107293e+02 6.033132518015528412e+00
1.018500000000000085e+02 4.800423792173304491e+02 6.033132518015528412e+00
1.021000000000000085e+02 4.976980324076201896e+02 6.033132518015528412e+00
1.024000000000000057e+02 4.831332037658810350e+02 6.033132518015528412e+00
1.027000000000000028e+02 4.888211504941624526e+02 6.033132518015528412e+00
1.030000000000000000e+02 4.855128150129096980e+02 6.033132518015528412e+00
1.034000000000000057e+02 4.909676944888316257e+02 6.033132518015528412e+00
1.036500000000000057e+02 4.920010754911161825e+02 6.033132518015528412e+00
1.039000000000000057e+02 4.996893567489267411e+02 6.033132518015528412e+00
1.041500000000000057e+02 4.965448354280318313e+02 6.033132518015528412e+00
1.045000000000000000e+02 5.001962837846014622e+02 6.033132518015528412e+00
1.048000000000000114e+02 4.957830261845131190e+02 6.033132518015528412e+00
1.051500000000000057e+02 4.929883578714072314e+02 6.033132518015528412e+00
1.054500000000000028e+02 4.957858227018397201e+02 6.033132518015528412e+00
1.057000000000000028e+02 5.016744849784590201e+02 6.033132518015528412e+00
1.060500000000000114e+02 5.002226462483351384e+02 6.033132518015528412e+00
1.064500000000000028e+02 4.917908794494057929e+02 6.033132518015528412e+00
1.067000000000000028e+02 4.884749321188004956e+02 6.033132518015528412e+00
1.069500000000000028e+02 4.863665753940488230e+02 6.033132518015528412e+00
1.072000000000000028e+02 4.773113386781845406e+02 6.033132518015528412e+00
1.074500000000000028e+02 4.853118440312806001e+02 6.033132518015528412e+00
1.078000000000000114e+02 4.845493863580363723e+02 6.033132518015528412e+00
1.081000000000000085e+02 4.772404708307971077e+02 6.033132518015528412e+00
1.084000000000000057e+02 4.768916804419909568e+02 6.033132518015528412e+00
1.086000000000000085e+02 4.722477547849739494e+02 6.033132518015528412e+00
1.089500000000000028e+02 4.776787202916268598e+02 6.033132518015528412e+00
1.092000000000000028e+02 4.668387430116288215e+02 6.033132518015528412e+00
1.095000000000000000e+02 4.591970916708722825e+02 6.033132518015528412e+00
1.098500000000000085e+02 4.623624233150833902e+02 6.033132518015528412e+00
1.102000000000000028e+02 4.652940251963412948e+02 6.033132518015528412e+00
1.105000000000000000e+02 4.674968288887391168e+02 6.033132518015528412e+00
1.108000000000000114e+02 4.683392316001995823e+02 6.033132518015528412e+00
1.110000000000000000e+02 4.629903200300772141e+02 6.033132518015528412e+00
1.114000000000000057e+02 4.552595082682759653e+02 6.033132518015528412e+00
1.117500000000000000e+02 4.662459039976948816e+02 6.033132518015528412e+00
1.120000000000000000e+02 4.704157239377681776e+02 6.033132518015528412e+00
1.122500000000000000e+02 4.572246004730686195e+02 6.033132518015528412e+00
1.125500000000000114e+02 4.654988560132475754e+02 6.033132518015528412e+00
1.128500000000000085e+02 4.464183987013591945e+02 6.033132518015528412e+00
1.132500000000000000e+02 4.544892789809903775e+02 6.033132518015528412e+00
1.134500000000000028e+02 4.561900554163358379e+02 6.033132518015528412e+00
1.138000000000000114e+02 4.431057020108604547e+02 6.033132518015528412e+00
1.141500000000000057e+02 4.422515434875401183e+02 6.033132518015528412e+00
1.143500000000000085e+02 4.491704320131086661e+02 6.033132518015528412e+00
1.146500000000000057e+02 4.433661988102200553e+02 6.033132518015528412e+00
1.149000000000000057e+02 4.503194765496584751e+02 6.033132518015528412e+00
1.151500000000000057e+02 4.444720054027748120e+02 6.033132518015528412e+00
1.155000000000000000e+02 4.403669499822420903e+02 6.033132518015528412e+00
1.157500000000000000e+02 4.393640238055083387e+02 6.033132518015528412e+00
1.160500000000000114e+02 4.384924520862272743e+02 6.033132518015528412e+00
1.164500000000000028e+02 4.328664207713033534e+02 6.033132518015528412e+00
1.167000000000000028e+02 4.272283673214809028e+02 6.033132518015528412e+00
1.170500000000000114e+02 4.305379840134478968e+02 6.033132518015528412e+00
1.173000000000000114e+02 4.250760742019925829e+02 6.033132518015528412e+00
1.175500000000000114e+02 4.290439536495767356e+02 6.033132518015528412e+00
1.179000000000000057e+02 4.194652743489306772e+02 6.033132518015528412e+00
1.181000000000000085e+02 4.298972012796484137e+02 6.033132518015528412e+00
1.184500000000000028e+02 4.333648547026621713e+02 6.033132518015528412e+00
1.188000000000000114e+02 4.314245250783989150e+02 6.033132518015528412e+00
1.190500000000000114e+02 4.276347158081646285e+02 6.033132518015528412e+00
1.194000000000000057e+02 4.233694892304759492e+02 6.033132518015528412e+00
1.197000000000000028e+02 4.381826255551130203e+02 6.033132518015528412e+00
1.201500000000000057e+02 4.270362610810113893e+02 6.033132518015528412e+00
1.204500000000000028e+02 4.243161756458646892e+02 6.033132518015528412e+00
1.207000000000000028e+02 4.215508831160202590e+02 6.033132518015528412e+00
1.210500000000000114e+02 4.363473540522552980e+02 6.033132518015528412e+00
1.213500000000000085e+02 4.411998612366112411e+02 6.033132518015528412e+00
1.217000000000000028e+02 4.344677918094899383e+02 6.033132518015528412e+00
1.220000000000000000e+02 4.390889401748087835e+02 6.033132518015528412e+00
1.224000000000000057e+02 4.541334297411029297e+02 6.033132518015528412e+00
1.227500000000000000e+02 4.451622413740088859e+02 6.033132518015528412e+00
1.230500000000000114e+02 4.548265883822693354e+02 6.033132518015528412e+00
1.234000000000000057e+02 4.658594164945045577e+02 6.033132518015528412e+00
1.238000000000000114e+02 4.518660113047538971e+02 6.033132518015528412e+00
1.241000000000000085e+02 4.645718053912010532e+02 6.033132518015528412e+00
1.245000000000000000e+02 4.645448662171316982e+02 6.033132518015528412e+00
1.248000000000000114e+02 4.668383239079991540e+02 6.033132518015528412e+00
1.251500000000000057e+02 4.693882587350935864e+02 6.033132518015528412e+00
1.255000000000000000e+02 4.529633960541976307e+02 6.033132518015528412e+00
1.257500000000000000e+02 4.694210080220749433e+02 6.033132518015528412e+00
1.261000000000000085e+02 4.624444789006425935e+02 6.033132518015528412e+00
1.263500000000000085e+02 4.595786819302919071e+02 6.033132518015528412e+00
1.266500000000000057e+02 4.739034423001817800e+02 6.033132518015528412e+00
1.269500000000000028e+02 4.661540002841720707e+02 6.033132518015528412e+00
1.273000000000000114e+02 4.732445755951355864e+02 6.033132518015528412e+00
1.276500000000000057e+02 4.658928427126403449e+02 6.033132518015528412e+00
1.280000000000000000e+02 4.625295010877512141e+02 6.033132518015528412e+00
1.282500000000000000e+02 4.567273472749951111e+02 6.033132518015528412e+00
1.285999999999999943e+02 4.540951041939694051e+02 6.033132518015528412e+00
1.288499999999999943e+02 4.633491868553279005e+02 6.033132518015528412e+00
1.292500000000000000e+02 4.575391725427854226e+02 6.033132518015528412e+00
1.295000000000000000e+02 4.590878697797396626e+02 6.033132518015528412e+00
1.297000000000000171e+02 4.652035473161138839e+02 6.033132518015528412e+00
1.300500000000000114e+02 4.454348487948296906e+02 6.033132518015528412e+00
1.304500000000000171e+02 4.490516762709666523e+02 6.033132518015528412e+00
1.306500000000000057e+02 4.463836139627892408e+02 6.033132518015528412e+00
1.309000000000000057e+02 4.644627084924926521e+02 6.033132518015528412e+00
1.313000000000000114e+02 4.567861643928276862e+02 6.033132518015528412e+00
1.316500000000000057e+02 4.551097615113411052e+02 6.033132518015528412e+00
1.319000000000000057e+02 4.517685959099455886e+02 6.033132518015528412e+00
1.323000000000000114e+02 4.527240465033496548e+02 6.033132518015528412e+00
1.327000000000000171e+02 4.538354935792067408e+02 6.033132518015528412e+00
1.330000000000000000e+02 4.437680249149353244e+02 6.033132518015528412e+00
1.333000000000000114e+02 4.468410957571273343e+02 6.033132518015528412e+00
1.336500000000000057e+02 4.434608585516703556e+02 6.033132518015528412e+00
1.340000000000000000e+02 4.524912470987690654e+02 6.033132518015528412e+00
1.342500000000000000e+02 4.443949425164121294e+02 6.033132518015528412e+00
1.345999999999999943e+02 4.360242293398198967e+02 6.033132518015528412e+00
1.349000000000000057e+02 4.481694328077485352e+02 6.033132518015528412e+00
1.352500000000000000e+02 4.333468801219549391e+02 6.033132518015528412e+00
1.355500000000000114e+02 4.434561885336659088e+02 6.033132518015528412e+00
1.359000000000000057e+02 4.295696353294984533e+02 6.033132518015528412e+00
1.362000000000000171e+02 4.294566867165696067e+02 6.033132518015528412e+00
1.365000000000000000e+02 4.247365376062123232e+02 6.033132518015528412e+00
1.368000000000000114e+02 4.233895898998168263e+02 6.033132518015528412e+00
1.370999999999999943e+02 4.271071582072875685e+02 6.033132518015528412e+00
1.373499999999999943e+02 4.122795786797103119e+02 6.033132518015528412e+00
1.376500000000000057e+02 4.223043943923226493e+02 6.033132518015528412e+00
1.379000000000000057e+02 4.166969444430309863e+02 6.033132518015528412e+00
1.383499999999999943e+02 4.180157030494198125e+02 6.033132518015528412e+00
1.387000000000000171e+02 4.070769831041125144e+02 6.033132518015528412e+00
1.390000000000000000e+02 4.165680445830477652e+02 6.033132518015528412e+00
1.393499999999999943e+02 4.095292327536729431e+02 6.033132518015528412e+00
1.397000000000000171e+02 4.177882086560323955e+02 6.033132518015528412e+00
1.400999999999999943e+02 4.186551072534645641e+02 6.033132518015528412e+00
1.405500000000000114e+02 4.139679674450777043e+02 6.033132518015528412e+00
1.407500000000000000e+02 4.188554315168539688e+02 6.033132518015528412e+00
1.410500000000000114e+02 4.070149258919574322e+02 6.033132518015528412e+00
1.414000000000000057e+02 4.085823229868860835e+02 6.033132518015528412e+00
1.417000000000000171e+02 3.998356148261013345e+02 6.033132518015528412e+00
1.421500000000000057e+02 3.978679155551939175e+02 6.033132518015528412e+00
1.425000000000000000e+02 3.910339973302354792e+02 6.033132518015528412e+00
1.427500000000000000e+02 3.831725411700260224e+02 6.033132518015528412e+00
1.430999999999999943e+02 3.920565015669617424e+02 6.033132518015528412e+00
1.434500000000000171e+02 3.970665548247665129e+02 6.033132518015528412e+00
1.439000000000000057e+02 3.971737061944481866e+02 6.033132518015528412e+00
1.443000000000000114e+02 4.081260245625624634e+02 6.033132518015528412e+00
1.445999999999999943e+02 3.909838425567222089e+02 6.033132518015528412e+00
1.448499999999999943e+02 4.135235432114925516e+02 6.033132518015528412e+00
1.452000000000000171e+02 4.000566757028573761e+02 6.033132518015528412e+00
1.454500000000000171e+02 3.938702033544622623e+02 6.033132518015528412e+00
1.457000000000000171e+02 3.996557199159676088e+02 6.033132518015528412e+00
1.460000000000000000e+02 4.039077010723447074e+02 6.033132518015528412e+00
1.464500000000000171e+02 4.000567801748669581e+02 6.033132518015528412e+00
1.467000000000000171e+02 4.005018265670697701e+02 6.033132518015528412e+00
1.470500000000000114e+02 3.952582705330793829e+02 6.033132518015528412e+00
1.473000000000000114e+02 3.947253961370959701e+02 6.033132518015528412e+00
1.476500000000000057e+02 4.183023918581811245e+02 6.033132518015528412e+00
1.478499999999999943e+02 3.913278509626657637e+02 6.033132518015528412e+00
1.482000000000000171e+02 3.953706023186084053e+02 6.033132518015528412e+00
1.485000000000000000e+02 3.934504629982327515e+02 6.033132518015528412e+00
1.488499999999999943e+02 4.025673792643632964e+02 6.033132518015528412e+00
1.491500000000000057e+02 3.997135150600430507e+02 6.033132518015528412e+00
1.495000000000000000e+02 4.007010493642440565e+02 6.033132518015528412e+00
1.498000000000000114e+02 3.978639753713929395e+02 6.033132518015528412e+00
1.500999999999999943e+02 4.119775593624262910e+02 6.033132518015528412e+00
1.504000000000000057e+02 4.021877697068129578e+02 6.033132518015528412e+00
1.506500000000000057e+02 4.021821714900616485e+02 6.033132518015528412e+00
1.510000000000000000e+02 4.009611588100555650e+02 6.033132518015528412e+00
1.513499999999999943e+02 4.136602866595380874e+02 6.033132518015528412e+00
1.517500000000000000e+02 4.084716977211569997e+02 6.033132518015528412e+00
1.520500000000000114e+02 4.088475596285222196e+02 6.033132518015528412e+00
1.523499999999999943e+02 4.183371113362577489e+02 6.033132518015528412e+00
1.527500000000000000e+02 4.113908876515855582e+02 6.033132518015528412e+00
1.531500000000000057e+02 4.034793693236898662e+02 6.033132518015528412e+00
1.535000000000000000e+02 4.041769071501553299e+02 6.033132518015528412e+00
1.538500000000000227e+02 4.096641482956287064e+02 6.033132518015528412e+00
1.542000000000000171e+02 4.158933381793908666e+02 6.033132518015528412e+00
1.545500000000000114e+02 4.148378733326796919e+02 6.033132518015528412e+00
1.548000000000000114e+02 4.205938733918227399e+02 6.033132518015528412e+00
1.551500000000000057e+02 4.035254974514438686e+02 6.033132518015528412e+00
1.555500000000000114e+02 4.047080572804763392e+02 6.033132518015528412e+00
1.558500000000000227e+02 4.062830712704935081e+02 6.033132518015528412e+00
1.561500000000000057e+02 4.152170249548854599e+02 6.033132518015528412e+00
1.564000000000000057e+02 4.128185137767706578e+02 6.033132518015528412e+00
1.566500000000000057e+02 4.168061845111074604e+02 6.033132518015528412e+00
1.568500000000000227e+02 4.155230748868374349e+02 6.033132518015528412e+00
1.571000000000000227e+02 4.182376976858416811e+02 6.033132518015528412e+00
1.574500000000000171e+02 4.018927451443231007e+02 6.033132518015528412e+00
1.577000000000000171e+02 4.146871815011011222e+02 6.033132518015528412e+00
1.579500000000000171e+02 3.986268348017304106e+02 6.033132518015528412e+00
1.582500000000000000e+02 4.045579811242343453e+02 6.033132518015528412e+00
1.585000000000000000e+02 4.151597311208697647e+02 6.033132518015528412e+00
1.588500000000000227e+02 4.126130543834194100e+02 6.033132518015528412e+00
1.591000000000000227e+02 4.220859962617478232e+02 6.033132518015528412e+00
1.594000000000000057e+02 4.231912967150520331e+02 6.033132518015528412e+00
1.597000000000000171e+02 4.163919123361797574e+02 6.033132518015528412e+00
1.600500000000000114e+02 4.306247555536928076e+02 6.033132518015528412e+00
1.604500000000000171e+02 4.186767509135382284e+02 6.033132518015528412e+00
1.609000000000000057e+02 4.186880771595895112e+02 6.033132518015528412e+00
1.612500000000000000e+02 4.049773278482553565e+02 6.033132518015528412e+00
1.616500000000000057e+02 4.167653562519150796e+02 6.033132518015528412e+00
1.619500000000000171e+02 4.149182578014264777e+02 6.033132518015528412e+00
1.622500000000000000e+02 4.151941628447518724e+02 6.033132518015528412e+00
1.625500000000000114e+02 4.157911603347700975e+02 6.033132518015528412e+00
1.629500000000000171e+02 4.269335340065121045e+02 6.033132518015528412e+00
1.632000000000000171e+02 4.279777785854997205e+02 6.033132518015528412e+00
1.636500000000000057e+02 4.291497963534965834e+02 6.033132518015528412e+00
1.639500000000000171e+02 4.272438723203556492e+02 6.033132518015528412e+00
1.641500000000000057e+02 4.320027358930194055e+02 6.033132518015528412e+00
1.643500000000000227e+02 4.208401968269336066e+02 6.033132518015528412e+00
1.647500000000000000e+02 4.467145753813762212e+02 6.033132518015528412e+00
1.650000000000000000e+02 4.434789416280355567e+02 6.033132518015528412e+00
1.653500000000000227e+02 4.332490548489641924e+02 6.033132518015528412e+00
1.656500000000000057e+02 4.539215305562980234e+02 6.033132518015528412e+00
1.660000000000000000e+02 4.545892595807976022e+02 6.033132518015528412e+00
1.663000000000000114e+02 4.392515412135107340e+02 6.033132518015528412e+00
1.665500000000000114e+02 4.508945020975735360e+02 6.033132518015528412e+00
1.669000000000000057e+02 4.615082679288602776e+02 6.033132518015528412e+00
1.672500000000000000e+02 4.603049782916405661e+02 6.033132518015528412e+00
1.676000000000000227e+02 4.496854978516956294e+02 6.033132518015528412e+00
1.678500000000000227e+02 4.653540065828995580e+02 6.033132518015528412e+00
1.681000000000000227e+02 4.660770323394881984e+02 6.033132518015528412e+00
1.684000000000000057e+02 4.805712822336195700e+02 6.033132518015528412e+00
1.686500000000000057e+02 4.785654358422005430e+02 6.033132518015528412e+00
1.690500000000000114e+02 4.810597483455792371e+02 6.033132518015528412e+00
1.696000000000000227e+02 4.684279372346292121e+02 6.033132518015528412e+00
1.699000000000000057e+02 4.683233223307252047e+02 6.033132518015528412e+00
1.702000000000000171e+02 4.793402269345287436e+02 6.033132518015528412e+00
1.705500000000000114e+02 4.743762309854336650e+02 6.033132518015528412e+00
1.708000000000000114e+02 4.814758036261704888e+02 6.033132518015528412e+00
1.712500000000000000e+02 4.941137326819255691e+02 6.033132518015528412e+00
1.715500000000000114e+02 4.797775530431715083e+02 6.033132518015528412e+00
1.718500000000000227e+02 4.831187027276806134e+02 6.033132518015528412e+00
1.721500000000000057e+02 4.910279070042002445e+02 6.033132518015528412e+00
1.724500000000000171e+02 4.915133239479686722e+02 6.033132518015528412e+00
1.728500000000000227e+02 4.896350986064487643e+02 6.033132518015528412e+00
1.731000000000000227e+02 4.937487658895659024e+02 6.033132518015528412e+00
1.734500000000000171e+02 4.943905180749010810e+02 6.033132518015528412e+00
1.737500000000000000e+02 4.980974509513105204e+02 6.033132518015528412e+00
1.740500000000000114e+02 4.860728423177343984e+02 6.033132518015528412e+00
1.743500000000000227e+02 4.826324111904427809e+02 6.033132518015528412e+00
1.747000000000000171e+02 4.787974577018054561e+02 6.033132518015528412e+00
1.750000000000000000e+02 4.844488391202265234e+02 6.033132518015528412e+00
1.753000000000000114e+02 4.782662649506954722e+02 6.033132518015528412e+00
1.757000000000000171e+02 4.762850823477764379e+02 6.033132518015528412e+00
1.760500000000000114e+02 4.763253343330354141e+02 6.033132518015528412e+00
1.764000000000000057e+02 4.791384030360434849e+02 6.033132518015528412e+00
1.767000000000000171e+02 4.704500171481114421e+02 6.033132518015528412e+00
1.770500000000000114e+02 4.709411818715058757e+02 6.033132518015528412e+00
1.773000000000000114e+02 4.806881821660507512e+02 6.033132518015528412e+00
1.777000000000000171e+02 4.780225954127546970e+02 6.033132518015528412e+00
1.779500000000000171e+02 4.787737609031212287e+02 6.033132518015528412e+00
1.782500000000000000e+02 4.832664120134724612e+02 6.033132518015528412e+00
1.785000000000000000e+02 4.720020243735280587e+02 6.033132518015528412e+00
1.788000000000000114e+02 4.761517042209896999e+02 6.033132518015528412e+00
1.792000000000000171e+02 4.815566336148552864e+02 6.033132518015528412e+00
1.795000000000000000e+02 4.737212121841923249e+02 6.033132518015528412e+00
1.798500000000000227e+02 4.836659878331403775e+02 6.033132518015528412e+00
1.801500000000000057e+02 4.962988268014470918e+02 6.033132518015528412e+00
1.805500000000000114e+02 4.803023151499878622e+02 6.033132518015528412e+00
1.809000000000000057e+02 4.757122601983769528e+02 6.033132518015528412e+00
1.812000000000000171e+02 4.884385739651634140e+02 6.033132518015528412e+00
1.815000000000000000e+02 4.861588395240996761e+02 6.033132518015528412e+00
1.819000000000000057e+02 4.837541577365464605e+02 6.033132518015528412e+00
1.821500000000000057e+02 4.768131318277183937e+02 6.033132518015528412e+00
1.824500000000000171e+02 4.902977207138756057e+02 6.033132518015528412e+00
1.827000000000000171e+02 4.932267094181906941e+02 6.033132518015528412e+00
1.830500000000000114e+02 4.975696416289414401e+02 6.033132518015528412e+00
1.832500000000000000e+02 4.923447469434216259e+02 6.033132518015528412e+00
1.836000000000000227e+02 4.973884209454305960e+02 6.033132518015528412e+00
1.839000000000000057e+02 4.951658286119696299e+02 6.033132518015528412e+00
1.842000000000000171e+02 5.048835694079341465e+02 6.033132518015528412e+00
1.845500000000000114e+02 5.037178715018554271e+02 6.033132518015528412e+00
1.848500000000000227e+02 4.851854610157550383e+02 6.033132518015528412e+00
1.852500000000000000e+02 4.998041979840612044e+02 6.033132518015528412e+00
1.855000000000000000e+02 5.098907525018782962e+02 6.033132518015528412e+00
1.858000000000000114e+02 5.046238544396430257e+02 6.033132518015528412e+00
1.860500000000000114e+02 5.041383918268062416e+02 6.033132518015528412e+00
1.863000000000000114e+02 5.144397708069816417e+02 6.033132518015528412e+00
1.865500000000000114e+02 5.052243174069903375e+02 6.033132518015528412e+00
1.868500000000000227e+02 5.119024230291918229e+02 6.033132518015528412e+00
1.872000000000000171e+02 5.245646160153762594e+02 6.033132518015528412e+00
1.874500000000000171e+02 5.141366144555624942e+02 6.033132518015528412e+00
1.877500000000000000e+02 5.293997761075119115e+02 6.033132518015528412e+00
1.882000000000000171e+02 5.307167589375303578e+02 6.033132518015528412e+00
1.885500000000000114e+02 5.250515461394256818e+02 6.033132518015528412e+00
1.888500000000000227e+02 5.264951594458721047e+02 6.033132518015528412e+00
1.891500000000000057e+02 5.295630730253286629e+02 6.033132518015528412e+00
1.895000000000000000e+02 5.200783746691853366e+02 6.033132518015528412e+00
1.898500000000000227e+02 5.237647382439139392e+02 6.033132518015528412e+00
1.903000000000000114e+02 5.269659813011973029e+02 6.033132518015528412e+00
1.906000000000000227e+02 5.298586498462773307e+02 6.033132518015528412e+00
1.908500000000000227e+02 5.213197360367511237e+02 6.033132518015528412e+00
1.910500000000000114e+02 5.247752293191690569e+02 6.033132518015528412e+00
1.914000000000000057e+02 5.278142397456375647e+02 6.033132518015528412e+00
1.917000000000000171e+02 5.284045735364406937e+02 6.033132518015528412e+00
1.920500000000000114e+02 5.241378272024192029e+02 6.033132518015528412e+00
1.925500000000000114e+02 5.330081131246306541e+02 6.033132518015528412e+00
1.928000000000000114e+02 5.256540986423982531e+02 6.033132518015528412e+00
1.930500000000000114e+02 5.314524394440800279e+02 6.033132518015528412e+00
1.933500000000000227e+02 5.273818800109889935e+02 6.033132518015528412e+00
1.937500000000000000e+02 5.213501711028176260e+02 6.033132518015528412e+00
1.940500000000000114e+02 5.227690827371970954e+02 6.033132518015528412e+00
1.943500000000000227e+02 5.208192691071978970e+02 6.033132518015528412e+00
1.947500000000000000e+02 5.281404653535275884e+02 6.033132518015528412e+00
1.950500000000000114e+02 5.194680155608120913e+02 6.033132518015528412e+00
1.953500000000000227e+02 5.238205731987135323e+02 6.033132518015528412e+00
1.956500000000000057e+02 5.207935229294067767e+02 6.033132518015528412e+00
1.959500000000000171e+02 5.092382651254828829e+02 6.033132518015528412e+00
1.962000000000000171e+02 4.958952222702648669e+02 6.033132518015528412e+00
1.965000000000000000e+02 4.976281696376677814e+02 6.033132518015528412e+00
1.968500000000000227e+02 5.138420557590076214e+02 6.033132518015528412e+00
1.971500000000000057e+02 5.045526695915754090e+02 6.033132518015528412e+00
1.975000000000000000e+02 5.064451009245943283e+02 6.033132518015528412e+00
1.979000000000000057e+02 5.044159361645903914e+02 6.033132518015528412e+00
1.982500000000000000e+02 4.908512404376068048e+02 6.033132518015528412e+00
1.986000000000000227e+02 4.877297394910140156e+02 6.033132518015528412e+00
1.989000000000000057e+02 4.951417051334142343e+02 6.033132518015528412e+00
1.991000000000000227e+02 4.940666610962713889e+02 6.033132518015528412e+00
1.994000000000000057e+02 4.978761242797118598e+02 6.033132518015528412e+00
1.997500000000000000e+02 4.931439369958380325e+02 6.033132518015528412e+00
2.001500000000000057e+02 4.868216033305336623e+02 6.033132518015528412e+00
2.005000000000000000e+02 4.861503098915713963e+02 6.033132518015528412e+00
2.007500000000000000e+02 4.857501226828379117e+02 6.033132518015528412e+00
2.009500000000000171e+02 5.043540792852546701e+02 6.033132518015528412e+00
2.012500000000000000e+02 4.861121285037689290e+02 6.033132518015528412e+00
2.015000000000000000e+02 4.925234718596085486e+02 6.033132518015528412e+00
2.018000000000000114e+02 4.988596503354377774e+02 6.033132518015528412e+00
2.021500000000000057e+02 4.895226171521585457e+02 6.033132518015528412e+00
2.024000000000000057e+02 4.872314199007578850e+02 6.033132518015528412e+00
2.028000000000000114e+02 4.806681124250960693e+02 6.033132518015528412e+00
2.030500000000000114e+02 4.892130544371748897e+02 6.033132518015528412e+00
2.033500000000000227e+02 4.842184033451197251e+02 6.033132518015528412e+00
2.036000000000000227e+02 4.896702120275152197e+02 6.033132518015528412e+00
2.040000000000000000e+02 4.854502956136141734e+02 6.033132518015528412e+00
2.044000000000000057e+02 4.771694155210267354e+02 6.033132518015528412e+00
2.047500000000000000e+02 4.813837862690623410e+02 6.033132518015528412e+00
2.052000000000000171e+02 4.801902035289100468e+02 6.033132518015528412e+00
2.055000000000000000e+02 4.693951840986678121e+02 6.033132518015528412e+00
2.058000000000000114e+02 4.801944149268937849e+02 6.033132518015528412e+00
2.061500000000000057e+02 4.767423843320908077e+02 6.033132518015528412e+00
2.065000000000000000e+02 4.779730095682308502e+02 6.033132518015528412e+00
2.068500000000000227e+02 4.811403901803773806e+02 6.033132518015528412e+00
2.071000000000000227e+02 4.721366517349863443e+02 6.033132518015528412e+00
2.075500000000000114e+02 4.830781323663149465e+02 6.033132518015528412e+00
2.078500000000000227e+02 4.832500820154330654e+02 6.033132518015528412e+00
2.083000000000000114e+02 4.790322768054479639e+02 6.033132518015528412e+00
2.085500000000000114e+02 4.721345872830310668e+02 6.033132518015528412e+00
2.088000000000000114e+02 4.767267595836135001e+02 6.033132518015528412e+00
2.091000000000000227e+02 4.859621073366238306e+02 6.033132518015528412e+00
2.094000000000000057e+02 4.847151867854809666e+02 6.033132518015528412e+00
2.096500000000000057e+02 4.842016714403611104e+02 6.033132518015528412e+00
2.100000000000000000e+02 4.901448803709871527e+02 6.033132518015528412e+00
2.103000000000000114e+02 4.986438618218904253e+02 6.033132518015528412e+00
2.106500000000000057e+02 4.840541006698798583e+02 6.033132518015528412e+00
2.109000000000000057e+02 4.832619922301753377e+02 6.033132518015528412e+00
2.113000000000000114e+02 4.847814625802126898e+02 6.033132518015528412e+00
2.116500000000000057e+02 4.839330563140133563e+02 6.033132518015528412e+00
2.120000000000000000e+02 4.835834206609224566e+02 6.033132518015528412e+00
2.122000000000000171e+02 4.968998558397267402e+02 6.033132518015528412e+00
2.125000000000000000e+02 4.910589775898385483e+02 6.033132518015528412e+00
2.128000000000000114e+02 4.862774596740538868e+02 6.033132518015528412e+00
2.131500000000000057e+02 4.776323404446819723e+02 6.033132518015528412e+00
2.134500000000000171e+02 4.780443580733552835e+02 6.033132518015528412e+00
2.137500000000000000e+02 4.811333002235988943e+02 6.033132518015528412e+00
2.140500000000000114e+02 4.824205963009430320e+02 6.033132518015528412e+00
2.143500000000000227e+02 4.706816738597113954e+02 6.033132518015528412e+00
2.147500000000000000e+02 4.840397523493736571e+02 6.033132518015528412e+00
2.151500000000000057e+02 4.839433094987006712e+02 6.033132518015528412e+00
2.155000000000000000e+02 4.767796550346956792e+02 6.033132518015528412e+00
2.158000000000000114e+02 4.864999381888969197e+02 6.033132518015528412e+00
2.161000000000000227e+02 4.842799915042190264e+02 6.033132518015528412e+00
2.165000000000000000e+02 4.831540403712580769e+02 6.033132518015528412e+00
2.169000000000000057e+02 4.817116261016603289e+02 6.033132518015528412e+00
2.173000000000000114e+02 4.924240047771871787e+02 6.033132518015528412e+00
2.176500000000000057e+02 4.878662679392048176e+02 6.033132518015528412e+00
2.180000000000000000e+02 4.849151722542667358e+02 6.033132518015528412e+00
2.184000000000000057e+02 4.820031185337838906e+02 6.033132518015528412e+00
2.187000000000000171e+02 5.034194289510060685e+02 6.033132518015528412e+00
2.191500000000000057e+02 4.999539025742936929e+02 6.033132518015528412e+00
2.194500000000000171e+02 4.829325248733561011e+02 6.033132518015528412e+00
2.198000000000000114e+02 4.847584420282366295e+02 6.033132518015528412e+00
2.200000000000000000e+02 4.827124880484468576e+02 6.033132518015528412e+00
2.203000000000000114e+02 4.969910056931528857e+02 6.033132518015528412e+00
2.206000000000000227e+02 4.825924067656563921e+02 6.033132518015528412e+00
2.209500000000000171e+02 4.801813119042820972e+02 6.033132518015528412e+00
2.213000000000000114e+02 4.891724594080945963e+02 6.033132518015528412e+00
2.216000000000000227e+02 4.870180570872911403e+02 6.033132518015528412e+00
2.219000000000000057e+02 4.863338412752422641e+02 6.033132518015528412e+00
2.222500000000000000e+02 4.874673452935484192e+02 6.033132518015528412e+00
2.225000000000000000e+02 4.889186686227507153e+02 6.033132518015528412e+00
2.229000000000000057e+02 4.840112256761548792e+02 6.033132518015528412e+00
2.232500000000000000e+02 4.953691082771410947e+02 6.033132518015528412e+00
2.235500000000000114e+02 4.975143740481108807e+02 6.033132518015528412e+00
2.239000000000000057e+02 4.837184520352534491e+02 6.033132518015528412e+00
2.241500000000000057e+02 4.815957224830581254e+02 6.033132518015528412e+00
2.245000000000000000e+02 4.856347890200565303e+02 6.033132518015528412e+00
2.248500000000000227e+02 4.922598191687904432e+02 6.033132518015528412e+00
2.254000000000000057e+02 4.971885068365078268e+02 6.033132518015528412e+00
2.257000000000000171e+02 4.868561525897238766e+02 6.033132518015528412e+00
2.260000000000000000e+02 4.998360383885603255e+02 6.033132518015528412e+00
2.264000000000000057e+02 4.949106902685247746e+02 6.033132518015528412e+00
2.268000000000000114e+02 5.039958451549017582e+02 6.033132518015528412e+00
2.270500000000000114e+02 4.926231028924141810e+02 6.033132518015528412e+00
2.273500000000000227e+02 4.965569143998927757e+02 6.033132518015528412e+00
2.277000000000000171e+02 4.886076579699551985e+02 6.033132518015528412e+00
2.280500000000000114e+02 5.016378061450993755e+02 6.033132518015528412e+00
2.284500000000000171e+02 5.032488773035246936e+02 6.033132518015528412e+00
2.289000000000000057e+02 4.990063454587836418e+02 6.033132518015528412e+00
2.291500000000000057e+02 4.968306749975616299e+02 6.033132518015528412e+00
2.295500000000000114e+02 4.957997100076152606e+02 6.033132518015528412e+00
2.298500000000000227e+02 4.871561214038403023e+02 6.033132518015528412e+00
2.302500000000000000e+02 5.079653123292012538e+02 6.033132518015528412e+00
2.305500000000000114e+02 4.983786957196112439e+02 6.033132518015528412e+00
2.308000000000000114e+02 4.985092660498384021e+02 6.033132518015528412e+00
2.312000000000000171e+02 4.987147613856201929e+02 6.033132518015528412e+00
2.315500000000000114e+02 5.009060393963283673e+02 6.033132518015528412e+00
2.319000000000000057e+02 5.135064530511297107e+02 6.033132518015528412e+00
2.322000000000000171e+02 5.110161838698703605e+02 6.033132518015528412e+00
2.326500000000000057e+02 5.024773987372186070e+02 6.033132518015528412e+00
2.329500000000000171e+02 5.054116074015332742e+02 6.033132518015528412e+00
2.333000000000000114e+02 5.047919061362820230e+02 6.033132518015528412e+00
2.336500000000000057e+02 5.046043674524260041e+02 6.033132518015528412e+00
2.340000000000000000e+02 4.931229446956112952e+02 6.033132518015528412e+00
2.342500000000000000e+02 4.923338341023489306e+02 6.033132518015528412e+00
2.345500000000000114e+02 4.981099853997088189e+02 6.033132518015528412e+00
2.348500000000000227e+02 4.873200792239964017e+02 6.033132518015528412e+00
2.352000000000000171e+02 4.866921300514612199e+02 6.033132518015528412e+00
2.354000000000000057e+02 4.741266211621530715e+02 6.033132518015528412e+00
2.356500000000000057e+02 4.878486483693729951e+02 6.033132518015528412e+00
2.359000000000000057e+02 4.843013242098654132e+02 6.033132518015528412e+00
2.362000000000000171e+02 4.823369292342935637e+02 6.033132518015528412e+00
2.365000000000000000e+02 4.927749729117425090e+02 6.033132518015528412e+00
2.367500000000000000e+02 4.884517366811306829e+02 6.033132518015528412e+00
2.372000000000000171e+02 4.859060725294669965e+02 6.033132518015528412e+00
2.374500000000000171e+02 4.846490447722748627e+02 6.033132518015528412e+00
2.377000000000000171e+02 4.901613439147131999e+02 6.033132518015528412e+00
2.380000000000000000e+02 4.931683012247893885e+02 6.033132518015528412e+00
2.382000000000000171e+02 4.683169345669570021e+02 6.033132518015528412e+00
2.385000000000000000e+02 4.802483449233457691e+02 6.033132518015528412e+00
2.388000000000000114e+02 4.757172468953240809e+02 6.033132518015528412e+00
2.391000000000000227e+02 4.715197654674996102e+02 6.033132518015528412e+00
2.394000000000000057e+02 4.791153185487742121e+02 6.033132518015528412e+00
2.397000000000000171e+02 4.724419395995406035e+02 6.033132518015528412e+00
2.400500000000000114e+02 4.791321473671917488e+02 6.033132518015528412e+00
2.404000000000000057e+02 4.738618668329070260e+02 6.033132518015528412e+00
2.409000000000000057e+02 4.616174740447047498e+02 6.033132518015528412e+00
2.413500000000000227e+02 4.676403287512621318e+02 6.033132518015528412e+00
2.417500000000000000e+02 4.628339260512280475e+02 6.033132518015528412e+00
2.421000000000000227e+02 4.580906393837101405e+02 6.033132518015528412e+00
2.425000000000000000e+02 4.621018032841264471e+02 6.033132518015528412e+00
2.428500000000000227e+02 4.583267083247039295e+02 6.033132518015528412e+00
2.432000000000000171e+02 4.580888922637204814e+02 6.033132518015528412e+00
2.436500000000000057e+02 4.558969855280715819e+02 6.033132518015528412e+00
2.439000000000000057e+02 4.557180765802299902e+02 6.033132518015528412e+00
2.442000000000000171e+02 4.466570081735841882e+02 6.033132518015528412e+00
2.445000000000000000e+02 4.436606833217249459e+02 6.033132518015528412e+00
2.448000000000000114e+02 4.504340567882682080e+02 6.033132518015528412e+00
2.450000000000000000e+02 4.362492034313191880e+02 6.033132518015528412e+00
2.453500000000000227e+02 4.458508494388251506e+02 6.033132518015528412e+00
2.457000000000000171e+02 4.444095856205674409e+02 6.033132518015528412e+00
2.459500000000000171e+02 4.455994021351705783e+02 6.033132518015528412e+00
2.464000000000000057e+02 4.361128705670204795e+02 6.033132518015528412e+00
2.466500000000000057e+02 4.401869583040469252e+02 6.033132518015528412e+00
2.468500000000000227e+02 4.318404608646018232e+02 6.033132518015528412e+00
2.471500000000000057e+02 4.332144628886341593e+02 6.033132518015528412e+00
2.475000000000000000e+02 4.373053053199055853e+02 6.033132518015528412e+00
2.477000000000000171e+02 4.311037371846629753e+02 6.033132518015528412e+00
2.479000000000000057e+02 4.318169710983066238e+02 6.033132518015528412e+00
2.482500000000000000e+02 4.368012218857960534e+02 6.033132518015528412e+00
2.486500000000000057e+02 4.406232636640556848e+02 6.033132518015528412e+00
2.490500000000000114e+02 4.329969663821022436e+02 6.033132518015528412e+00
2.494000000000000057e+02 4.238772430441445067e+02 6.033132518015528412e+00
2.496500000000000057e+02 4.312550838991684259e+02 6.033132518015528412e+00
2.499000000000000057e+02 4.337036170732355913e+02 6.033132518015528412e+00
2.503000000000000114e+02 4.482163700871712990e+02 6.033132518015528412e+00
2.506500000000000057e+02 4.281136346342491379e+02 6.033132518015528412e+00
2.509500000000000171e+02 4.452729024355712113e+02 6.033132518015528412e+00
2.512500000000000000e+02 4.529351350513821899e+02 6.033132518015528412e+00
2.515500000000000114e+02 4.498704236713851401e+02 6.033132518015528412e+00
2.519000000000000057e+02 4.471024277580919488e+02 6.033132518015528412e+00
2.521500000000000057e+02 4.452285104051423446e+02 6.033132518015528412e+00
2.524000000000000057e+02 4.500340640953937736e+02 6.033132518015528412e+00
2.527000000000000171e+02 4.555804974432062977e+02 6.033132518015528412e+00
2.530500000000000114e+02 4.446650553681310498e+02 6.033132518015528412e+00
2.534000000000000057e+02 4.529812620961518519e+02 6.033132518015528412e+00
2.537500000000000000e+02 4.446454044802283079e+02 6.033132518015528412e+00
2.540000000000000000e+02 4.335526716031728256e+02 6.033132518015528412e+00
2.544000000000000057e+02 4.566880537014971537e+02 6.033132518015528412e+00
2.547000000000000171e+02 4.602689465922375689e+02 6.033132518015528412e+00
2.550500000000000114e+02 4.624741839079741794e+02 6.033132518015528412e+00
2.552500000000000000e+02 4.523606598401000838e+02 6.033132518015528412e+00
2.556000000000000227e+02 4.594235205609039099e+02 6.033132518015528412e+00
2.559000000000000057e+02 4.556806686726001203e+02 6.033132518015528412e+00
2.561999999999999886e+02 4.547462787454682598e+02 6.033132518015528412e+00
2.565500000000000114e+02 4.427235146003973227e+02 6.033132518015528412e+00
2.568500000000000227e+02 4.582772623346542105e+02 6.033132518015528412e+00
2.571500000000000341e+02 4.488602017217561411e+02 6.033132518015528412e+00
2.575000000000000000e+02 4.574813138038098828e+02 6.033132518015528412e+00
2.579499999999999886e+02 4.435333456551240943e+02 6.033132518015528412e+00
2.582500000000000000e+02 4.439778473972867232e+02 6.033132518015528412e+00
2.584499999999999886e+02 4.516530060827424791e+02 6.033132518015528412e+00
2.588500000000000227e+02 4.465802849176730547e+02 6.033132518015528412e+00
2.591000000000000227e+02 4.480116549935081025e+02 6.033132518015528412e+00
2.594000000000000341e+02 4.359723422956400896e+02 6.033132518015528412e+00
2.597500000000000000e+02 4.457895730732729476e+02 6.033132518015528412e+00
2.600500000000000114e+02 4.310937385495522562e+02 6.033132518015528412e+00
2.603500000000000227e+02 4.492165526616174702e+02 6.033132518015528412e+00
2.606500000000000341e+02 4.348855423091724219e+02 6.033132518015528412e+00
2.609000000000000341e+02 4.593019032480596593e+02 6.033132518015528412e+00
2.613000000000000114e+02 4.413893478712287788e+02 6.033132518015528412e+00
2.615500000000000114e+02 4.502782667823179850e+02 6.033132518015528412e+00
2.619499999999999886e+02 4.504782142520791695e+02 6.033132518015528412e+00
2.623000000000000114e+02 4.530709547343866461e+02 6.033132518015528412e+00
2.625500000000000114e+02 4.473878676979845750e+02 6.033132518015528412e+00
2.627500000000000000e+02 4.472595752931966331e+02 6.033132518015528412e+00
2.630000000000000000e+02 4.516056371629469481e+02 6.033132518015528412e+00
2.633500000000000227e+02 4.593822885356041184e+02 6.033132518015528412e+00
2.636999999999999886e+02 4.666248892815167437e+02 6.033132518015528412e+00
2.641000000000000227e+02 4.533649936629424246e+02 6.033132518015528412e+00
2.643500000000000227e+02 4.600512338494656888e+02 6.033132518015528412e+00
2.646999999999999886e+02 4.583167573439764624e+02 6.033132518015528412e+00
2.650000000000000000e+02 4.577936732763407690e+02 6.033132518015528412e+00
2.653000000000000114e+02 4.673852806351712843e+02 6.033132518015528412e+00
2.655500000000000114e+02 4.667978815070314909e+02 6.033132518015528412e+00
2.658000000000000114e+02 4.654070441743793936e+02 6.033132518015528412e+00
2.663000000000000114e+02 4.626261410188117793e+02 6.033132518015528412e+00
2.666500000000000341e+02 4.710025507675304652e+02 6.033132518015528412e+00
2.670000000000000000e+02 4.735981543723039522e+02 6.033132518015528412e+00
2.674000000000000341e+02 4.691059517796231830e+02 6.033132518015528412e+00
2.676999999999999886e+02 4.579326166452007101e+02 6.033132518015528412e+00
2.680000000000000000e+02 4.727036460602201373e+02 6.033132518015528412e+00
2.681999999999999886e+02 4.698451847740296898e+02 6.033132518015528412e+00
2.684000000000000341e+02 4.675919348110875262e+02 6.033132518015528412e+00
2.688500000000000227e+02 4.711806987277278722e+02 6.033132518015528412e+00
2.691999999999999886e+02 4.709917869692645809e+02 6.033132518015528412e+00
2.695500000000000114e+02 4.801808472162425687e+02 6.033132518015528412e+00
2.699000000000000341e+02 4.532675178696430294e+02 6.033132518015528412e+00
2.701999999999999886e+02 4.588256927223911248e+02 6.033132518015528412e+00
2.704000000000000341e+02 4.641792433953042405e+02 6.033132518015528412e+00
2.706000000000000227e+02 4.709166541439239495e+02 6.033132518015528412e+00
2.709000000000000341e+02 4.666461453585071695e+02 6.033132518015528412e+00
2.711999999999999886e+02 4.683717194958720142e+02 6.033132518015528412e+00
2.714000000000000341e+02 4.554483456539111330e+02 6.033132518015528412e+00
2.717500000000000000e+02 4.671353679336659752e+02 6.033132518015528412e+00
2.720500000000000114e+02 4.629752496639169408e+02 6.033132518015528412e+00
2.724000000000000341e+02 4.609056662122112016e+02 6.033132518015528412e+00
2.727500000000000000e+02 4.573421495674446078e+02 6.033132518015528412e+00
2.730500000000000114e+02 4.610792417306528250e+02 6.033132518015528412e+00
2.734000000000000341e+02 4.583996350688338453e+02 6.033132518015528412e+00
2.738500000000000227e+02 4.623026144532468038e+02 6.033132518015528412e+00
2.741000000000000227e+02 4.659598634288225298e+02 6.033132518015528412e+00
2.744499999999999886e+02 4.671484034262401792e+02 6.033132518015528412e+00
2.747500000000000000e+02 4.565917788476427859e+02 6.033132518015528412e+00
2.751000000000000227e+02 4.718181521706500234e+02 6.033132518015528412e+00
2.754000000000000341e+02 4.639975904017354651e+02 6.033132518015528412e+00
2.757500000000000000e+02 4.732934279679631686e+02 6.033132518015528412e+00
2.760000000000000000e+02 4.710125998554854618e+02 6.033132518015528412e+00
2.763000000000000114e+02 4.751218413798728761e+02 6.033132518015528412e+00
2.765000000000000000e+02 4.812658553682808247e+02 6.033132518015528412e+00
2.768000000000000114e+02 4.733379130987807457e+02 6.033132518015528412e+00
2.771500000000000341e+02 4.770556482047095983e+02 6.033132518015528412e+00
2.775000000000000000e+02 4.833004220441765710e+02 6.033132518015528412e+00
2.778000000000000114e+02 4.941497474207752703e+02 6.033132518015528412e+00
2.781500000000000341e+02 4.971950156815483410e+02 6.033132518015528412e+00
2.784499999999999886e+02 4.998343482002767360e+02 6.033132518015528412e+00
