5.035000000000000142e+01 4.102121846841820343e+02 4.885265839313443159e+00
5.070000000000000284e+01 4.032866878047445311e+02 4.885265839313443159e+00
5.105000000000000426e+01 4.030196369405916244e+02 4.885265839313443159e+00
5.135000000000000142e+01 4.117593712062003419e+02 4.885265839313443159e+00
5.170000000000000284e+01 4.160602831838866109e+02 4.885265839313443159e+00
5.205000000000000426e+01 4.093506635993513783e+02 4.885265839313443159e+00
5.230000000000000426e+01 4.150852443272542587e+02 4.885265839313443159e+00
5.255000000000000426e+01 4.137648572275568881e+02 4.885265839313443159e+00
5.285000000000000142e+01 4.206261300244907488e+02 4.885265839313443159e+00
5.320000000000000284e+01 4.251357387040605431e+02 4.885265839313443159e+00
5.350000000000000000e+01 4.233741790602748551e+02 4.885265839313443159e+00
5.390000000000000568e+01 4.179934077432678237e+02 4.885265839313443159e+00
5.425000000000000000e+01 4.146784773169130176e+02 4.885265839313443159e+00
5.465000000000000568e+01 4.252280959991456371e+02 4.885265839313443159e+00
5.510000000000000142e+01 4.243659622059120693e+02 4.885265839313443159e+00
5.535000000000000142e+01 4.239569470609528707e+02 4.885265839313443159e+00
5.565000000000000568e+01 4.246121986595740054e+02 4.885265839313443159e+00
5.600000000000000000e+01 4.241587962373268965e+02 4.885265839313443159e+00
5.630000000000000426e+01 4.254359476184760638e+02 4.885265839313443159e+00
5.650000000000000000e+01 4.262955483443971616e+02 4.885265839313443159e+00
5.680000000000000426e+01 4.304199020567650109e+02 4.885265839313443159e+00
5.700000000000000000e+01 4.297921456595714176e+02 4.885265839313443159e+00
5.725000000000000000e+01 4.337851830229461143e+02 4.885265839313443159e+00
5.755000000000000426e+01 4.355323314602597407e+02 4.885265839313443159e+00
5.790000000000000568e+01 4.458902970836095960e+02 4.885265839313443159e+00
5.820000000000000284e+01 4.274475339936757337e+02 4.885265839313443159e+00
5.845000000000000284e+01 4.354514089704052253e+02 4.885265839313443159e+00
5.880000000000000426e+01 4.318702244741618870e+02 4.885265839313443159e+00
5.920000000000000284e+01 4.405390986233552439e+02 4.885265839313443159e+00
5.945000000000000284e+01 4.434519401312088576e+02 4.885265839313443159e+00
5.975000000000000000e+01 4.350423577690522734e+02 4.885265839313443159e+00
6.000000000000000000e+01 4.418393483004159634e+02 4.885265839313443159e+00
6.035000000000000142e+01 4.385829151650971198e+02 4.885265839313443159e+00
6.065000000000000568e+01 4.468659142888400311e+02 4.885265839313443159e+00
6.095000000000000284e+01 4.382586627313796726e+02 4.885265839313443159e+00
6.120000000000000284e+01 4.369981770244988297e+02 4.885265839313443159e+00
6.145000000000000284e+01 4.327424701334340966e+02 4.885265839313443159e+00
6.180000000000000426e+01 4.399907982033575422e+02 4.885265839313443159e+00
6.220000000000000284e+01 4.312498931251327576e+02 4.885265839313443159e+00
6.245000000000000284e+01 4.214721089328236303e+02 4.885265839313443159e+00
6.275000000000000000e+01 4.322508655716964086e+02 4.885265839313443159e+00
6.310000000000000142e+01 4.294216775731793518e+02 4.885265839313443159e+00
6.340000000000000568e+01 4.295138927890191098e+02 4.885265839313443159e+00
6.375000000000000000e+01 4.299741900616578505e+02 4.885265839313443159e+00
6.404999999999999716e+01 4.260820974904491436e+02 4.885265839313443159e+00
6.435000000000000853e+01 4.179294332759737927e+02 4.885265839313443159e+00
6.470000000000000284e+01 4.151903697225072847e+02 4.885265839313443159e+00
6.495000000000000284e+01 4.186090596000697701e+02 4.885265839313443159e+00
6.520000000000000284e+01 4.162313553922050460e+02 4.885265839313443159e+00
6.565000000000000568e+01 4.216422876636208343e+02 4.885265839313443159e+00
6.595000000000000284e+01 4.138057092928964380e+02 4.885265839313443159e+00
6.640000000000000568e+01 4.149489791743350793e+02 4.885265839313443159e+00
6.670000000000000284e+01 4.115763004088660182e+02 4.885265839313443159e+00
6.700000000000000000e+01 4.078787298807014849e+02 4.885265839313443159e+00
6.735000000000000853e+01 4.105461104358807916e+02 4.885265839313443159e+00
6.765000000000000568e+01 3.969807141672712305e+02 4.885265839313443159e+00
6.795000000000000284e+01 4.143807398004103675e+02 4.885265839313443159e+00
6.825000000000000000e+01 4.025099795717741245e+02 4.885265839313443159e+00
6.854999999999999716e+01 4.023735468133634754e+02 4.885265839313443159e+00
6.879999999999999716e+01 4.048435469344873923e+02 4.885265839313443159e+00
6.910000000000000853e+01 3.858555096470285548e+02 4.885265839313443159e+00
6.935000000000000853e+01 3.966431214079282199e+02 4.885265839313443159e+00
6.970000000000000284e+01 3.917241480260709636e+02 4.885265839313443159e+00
6.995000000000000284e+01 3.964872859835001577e+02 4.885265839313443159e+00
7.020000000000000284e+01 3.868905803537784891e+02 4.885265839313443159e+00
7.050000000000000000e+01 3.953008748865782991e+02 4.885265839313443159e+00
7.079999999999999716e+01 3.899304523467667991e+02 4.885265839313443159e+00
7.115000000000000568e+01 3.819460642211935806e+02 4.885265839313443159e+00
7.145000000000000284e+01 3.906144168290338712e+02 4.885265839313443159e+00
7.170000000000000284e+01 3.901817491459797793e+02 4.885265839313443159e+00
7.200000000000000000e+01 3.914509695099545183e+02 4.885265839313443159e+00
7.240000000000000568e+01 3.967729034980780511e+02 4.885265839313443159e+00
7.275000000000000000e+01 3.918775929538365403e+02 4.885265839313443159e+00
7.315000000000000568e+01 3.897123232868312357e+02 4.885265839313443159e+00
7.345000000000000284e+01 3.814448866650364494e+02 4.885265839313443159e+00
7.379999999999999716e+01 3.965331184223647369e+02 4.885265839313443159e+00
7.410000000000000853e+01 3.841787411576544855e+02 4.885265839313443159e+00
7.435000000000000853e+01 3.864973342387012281e+02 4.885265839313443159e+00
7.454999999999999716e+01 3.846657073563089853e+02 4.885265839313443159e+00
7.485000000000000853e+01 3.853330147313740781e+02 4.885265839313443159e+00
7.510000000000000853e+01 3.790220807168181523e+02 4.885265839313443159e+00
7.540000000000000568e+01 3.869029083332781056e+02 4.885265839313443159e+00
7.585000000000000853e+01 3.801485530887037498e+02 4.885265839313443159e+00
7.615000000000000568e+01 3.708253099407047557e+02 4.885265839313443159e+00
7.640000000000000568e+01 3.796374151354603441e+02 4.885265839313443159e+00
7.675000000000000000e+01 3.724161781838641900e+02 4.885265839313443159e+00
7.700000000000000000e+01 3.771995864586174889e+02 4.885265839313443159e+00
7.725000000000000000e+01 3.773137848736785145e+02 4.885265839313443159e+00
7.760000000000000853e+01 3.814592636425084038e+02 4.885265839313443159e+00
7.785000000000000853e+01 3.722176799342749973e+02 4.885265839313443159e+00
7.820000000000000284e+01 3.707804438498347963e+02 4.885265839313443159e+00
7.860000000000000853e+01 3.769494386351897788e+02 4.885265839313443159e+00
7.895000000000000284e+01 3.691350938012972733e+02 4.885265839313443159e+00
7.925000000000000000e+01 3.712876153900546115e+02 4.885265839313443159e+00
7.950000000000000000e+01 3.683100178435784642e+02 4.885265839313443159e+00
7.985000000000000853e+01 3.720878545726491211e+02 4.885265839313443159e+00
8.015000000000000568e+01 3.750808816520562345e+02 4.885265839313443159e+00
8.040000000000000568e+01 3.841642342004383295e+02 4.885265839313443159e+00
8.075000000000000000e+01 3.845612827865286931e+02 4.885265839313443159e+00
8.105000000000001137e+01 3.710352363747355753e+02 4.885265839313443159e+00
8.135000000000000853e+01 3.774870242294024365e+02 4.885265839313443159e+00
8.160000000000000853e+01 3.862921048666684101e+02 4.885265839313443159e+00
8.195000000000000284e+01 3.764766322411779242e+02 4.885265839313443159e+00
8.220000000000000284e+01 3.740996721202117214e+02 4.885265839313443159e+00
8.250000000000000000e+01 3.878535494212613344e+02 4.885265839313443159e+00
8.280000000000001137e+01 3.820129105555329261e+02 4.885265839313443159e+00
8.305000000000001137e+01 3.828845145995144321e+02 4.885265839313443159e+00
8.340000000000000568e+01 3.740869582274145841e+02 4.885265839313443159e+00
8.370000000000000284e+01 3.828799764073780239e+02 4.885265839313443159e+00
8.410000000000000853e+01 3.865110776198208100e+02 4.885265839313443159e+00
8.440000000000000568e+01 3.800507391078214141e+02 4.885265839313443159e+00
8.465000000000000568e+01 3.793351286700091123e+02 4.885265839313443159e+00
8.505000000000001137e+01 3.830066819423465176e+02 4.885265839313443159e+00
8.545000000000000284e+01 3.780372398080588141e+02 4.885265839313443159e+00
8.570000000000000284e+01 3.822802311983659820e+02 4.885265839313443159e+00
8.590000000000000568e+01 3.812190110409268300e+02 4.885265839313443159e+00
8.620000000000000284e+01 3.856212650727392202e+02 4.885265839313443159e+00
8.650000000000000000e+01 3.832923532024226461e+02 4.885265839313443159e+00
8.675000000000000000e+01 3.717264703612694348e+02 4.885265839313443159e+00
8.705000000000001137e+01 3.825388091521087972e+02 4.885265839313443159e+00
8.730000000000001137e+01 3.818986494039291983e+02 4.885265839313443159e+00
8.765000000000000568e+01 3.771705588050184019e+02 4.885265839313443159e+00
8.805000000000001137e+01 3.862628085657971724e+02 4.885265839313443159e+00
8.830000000000001137e+01 3.844811172340903340e+02 4.885265839313443159e+00
8.860000000000000853e+01 3.948995495529317168e+02 4.885265839313443159e+00
8.890000000000000568e+01 3.850913680320733761e+02 4.885265839313443159e+00
8.915000000000000568e+01 3.991577344952359567e+02 4.885265839313443159e+00
8.940000000000000568e+01 3.817707324097814308e+02 4.885265839313443159e+00
8.970000000000000284e+01 3.924002994267235636e+02 4.885265839313443159e+00
8.995000000000000284e+01 4.086036551097912479e+02 4.885265839313443159e+00
9.025000000000000000e+01 3.974775353648018381e+02 4.885265839313443159e+00
9.050000000000000000e+01 4.009638362824715045e+02 4.885265839313443159e+00
9.080000000000001137e+01 4.106319220902910274e+02 4.885265839313443159e+00
9.105000000000001137e+01 4.067290520998705574e+02 4.885265839313443159e+00
9.135000000000000853e+01 4.165854718242923695e+02 4.885265839313443159e+00
9.185000000000000853e+01 4.146297055799176405e+02 4.885265839313443159e+00
9.210000000000000853e+01 4.073493627919900177e+02 4.885265839313443159e+00
9.240000000000000568e+01 4.110632750690143666e+02 4.885265839313443159e+00
9.270000000000000284e+01 4.153286542561767192e+02 4.885265839313443159e+00
9.300000000000000000e+01 4.159951824891159049e+02 4.885265839313443159e+00
9.325000000000000000e+01 4.236729284052216258e+02 4.885265839313443159e+00
9.360000000000000853e+01 4.232198550494316578e+02 4.885265839313443159e+00
9.405000000000001137e+01 4.337760058687625815e+02 4.885265839313443159e+00
9.445000000000000284e+01 4.305373155062200681e+02 4.885265839313443159e+00
9.465000000000000568e+01 4.168549716782814016e+02 4.885265839313443159e+00
9.495000000000000284e+01 4.318366095678476881e+02 4.885265839313443159e+00
9.525000000000000000e+01 4.337805875194400755e+02 4.885265839313443159e+00
9.560000000000000853e+01 4.376021501407886376e+02 4.885265839313443159e+00
9.595000000000000284e+01 4.424218254752041162e+02 4.885265839313443159e+00
9.630000000000001137e+01 4.490518353477597202e+02 4.885265839313443159e+00
9.655000000000001137e+01 4.483483487453339649e+02 4.885265839313443159e+00
9.690000000000000568e+01 4.572516693171684210e+02 4.885265839313443159e+00
9.715000000000000568e+01 4.672378140058650047e+02 4.885265839313443159e+00
9.750000000000000000e+01 4.581463708396465222e+02 4.885265839313443159e+00
9.780000000000001137e+01 4.526948638540042680e+02 4.885265839313443159e+00
9.805000000000001137e+01 4.560117409931499992e+02 4.885265839313443159e+00
9.845000000000000284e+01 4.638587908246576603e+02 4.885265839313443159e+00
9.875000000000000000e+01 4.707881224560983924e+02 4.885265839313443159e+00
9.900000000000000000e+01 4.674804047322560905e+02 4.885265839313443159e+00
9.935000000000000853e+01 4.658948037736544165e+02 4.885265839313443159e+00
9.970000000000000284e+01 4.691276462697049965e+02 4.885265839313443159e+00
1.000000000000000000e+02 4.676758295924350932e+02 4.885265839313443159e+00
1.003000000000000114e+02 4.618797255736184297e+02 4.885265839313443159e+00
1.005000000000000000e+02 4.663142360389277314e+02 4.885265839313443159e+00
1.009000000000000057e+02 4.748136065712934055e+02 4.885265839313443159e+00
1.012500000000000000e+02 4.784362609827545612e+02 4.885265839313443159e+00
1.015000000000000000e+02 4.764490064009988828e+02 4.885265839313443159e+00
1.018500000000000085e+02 4.749213050086751196e+02 4.885265839313443159e+00
1.022000000000000028e+02 4.770607908981164087e+02 4.885265839313443159e+00
1.025500000000000114e+02 4.793445124708513276e+02 4.885265839313443159e+00
1.029000000000000057e+02 4.846577805147315985e+02 4.885265839313443159e+00
1.032500000000000000e+02 4.733820752529703668e+02 4.885265839313443159e+00
1.034500000000000028e+02 4.732774045301516139e+02 4.885265839313443159e+00
1.038000000000000114e+02 4.881586490050348175e+02 4.885265839313443159e+00
1.040500000000000114e+02 4.785886103344541311e+02 4.885265839313443159e+00
1.042500000000000000e+02 4.818204471299589500e+02 4.885265839313443159e+00
1.046000000000000085e+02 4.818492233981249910e+02 4.885265839313443159e+00
1.049500000000000028e+02 4.727154510809958765e+02 4.885265839313443159e+00
1.051500000000000057e+02 4.874148787051600493e+02 4.885265839313443159e+00
1.055000000000000000e+02 4.776682249830349747e+02 4.885265839313443159e+00
1.058000000000000114e+02 4.782271335145624676e+02 4.885265839313443159e+00
1.061000000000000085e+02 4.762708081487756999e+02 4.885265839313443159e+00
1.064500000000000028e+02 4.666025717285397718e+02 4.885265839313443159e+00
1.067500000000000000e+02 4.805861044611817761e+02 4.885265839313443159e+00
1.070500000000000114e+02 4.715578004308699747e+02 4.885265839313443159e+00
1.073000000000000114e+02 4.712842043737073823e+02 4.885265839313443159e+00
1.077000000000000028e+02 4.651966684382954895e+02 4.885265839313443159e+00
1.081500000000000057e+02 4.646052166268116252e+02 4.885265839313443159e+00
1.084000000000000057e+02 4.688210954121227019e+02 4.885265839313443159e+00
1.087000000000000028e+02 4.568977928205405874e+02 4.885265839313443159e+00
1.089500000000000028e+02 4.624887245779628984e+02 4.885265839313443159e+00
1.092500000000000000e+02 4.575391405342960525e+02 4.885265839313443159e+00
1.095500000000000114e+02 4.558342196885106432e+02 4.885265839313443159e+00
1.098000000000000114e+02 4.559286595299186615e+02 4.885265839313443159e+00
1.101500000000000057e+02 4.481890237155489558e+02 4.885265839313443159e+00
1.104000000000000057e+02 4.456455650080956730e+02 4.885265839313443159e+00
1.107000000000000028e+02 4.554133024814224200e+02 4.885265839313443159e+00
1.110000000000000000e+02 4.433810942312415477e+02 4.885265839313443159e+00
1.113500000000000085e+02 4.498403723487972456e+02 4.885265839313443159e+00
1.116500000000000057e+02 4.456911635497144744e+02 4.885265839313443159e+00
1.120000000000000000e+02 4.483972576126166132e+02 4.885265839313443159e+00
1.123000000000000114e+02 4.481948937051860753e+02 4.885265839313443159e+00
1.127000000000000028e+02 4.450951311486431337e+02 4.885265839313443159e+00
1.129000000000000057e+02 4.467015919670307653e+02 4.885265839313443159e+00
1.132500000000000000e+02 4.357265313565312681e+02 4.885265839313443159e+00
1.134500000000000028e+02 4.467306520666512029e+02 4.885265839313443159e+00
1.138000000000000114e+02 4.307307186105440451e+02 4.885265839313443159e+00
1.141000000000000085e+02 4.359784593738661442e+02 4.885265839313443159e+00
1.143500000000000085e+02 4.429078001305975363e+02 4.885265839313443159e+00
1.146000000000000085e+02 4.364437673188911617e+02 4.885265839313443159e+00
1.149500000000000028e+02 4.314223733094868294e+02 4.885265839313443159e+00
1.152500000000000000e+02 4.255711870039161795e+02 4.885265839313443159e+00
1.154500000000000028e+02 4.205697194321024881e+02 4.885265839313443159e+00
1.157500000000000000e+02 4.302743344273604293e+02 4.885265839313443159e+00
1.160500000000000114e+02 4.254305930372458420e+02 4.885265839313443159e+00
1.163000000000000114e+02 4.275313898762552185e+02 4.885265839313443159e+00
1.166000000000000085e+02 4.237440093827970600e+02 4.885265839313443159e+00
1.169000000000000057e+02 4.211004764822280890e+02 4.885265839313443159e+00
1.173000000000000114e+02 4.177008183697510049e+02 4.885265839313443159e+00
1.177000000000000028e+02 4.236502560731895528e+02 4.885265839313443159e+00
1.181000000000000085e+02 4.163229191611950455e+02 4.885265839313443159e+00
1.183500000000000085e+02 4.152926761830525493e+02 4.885265839313443159e+00
1.188000000000000114e+02 4.244559720548205064e+02 4.885265839313443159e+00
1.190500000000000114e+02 4.247897508877519499e+02 4.885265839313443159e+00
1.194000000000000057e+02 4.205933066299420489e+02 4.885265839313443159e+00
1.197000000000000028e+02 4.248043284295263220e+02 4.885265839313443159e+00
1.199500000000000028e+02 4.189288549864457991e+02 4.885265839313443159e+00
1.202000000000000028e+02 4.240973415690911565e+02 4.885265839313443159e+00
1.205000000000000000e+02 4.229877911705912652e+02 4.885265839313443159e+00
1.208500000000000085e+02 4.227569136645285539e+02 4.885265839313443159e+00
1.211500000000000057e+02 4.306287823616647756e+02 4.885265839313443159e+00
1.215000000000000000e+02 4.271235062806334781e+02 4.885265839313443159e+00
1.219000000000000057e+02 4.438696020367305550e+02 4.885265839313443159e+00
1.221000000000000085e+02 4.270052448124540661e+02 4.885265839313443159e+00
1.223500000000000085e+02 4.225575710668464922e+02 4.885265839313443159e+00
1.226500000000000057e+02 4.504057531187001473e+02 4.885265839313443159e+00
1.229500000000000028e+02 4.416451240097094910e+02 4.885265839313443159e+00
1.233000000000000114e+02 4.365519900483638480e+02 4.885265839313443159e+00
1.237000000000000028e+02 4.464475241844388052e+02 4.885265839313443159e+00
1.240000000000000000e+02 4.484051786057788718e+02 4.885265839313443159e+00
1.243000000000000114e+02 4.421800124673696928e+02 4.885265839313443159e+00
1.245500000000000114e+02 4.489310351092156566e+02 4.885265839313443159e+00
1.248500000000000085e+02 4.422203948026735247e+02 4.885265839313443159e+00
1.251000000000000085e+02 4.460014123512629567e+02 4.885265839313443159e+00
1.253500000000000085e+02 4.504461821733831925e+02 4.885265839313443159e+00
1.256000000000000085e+02 4.515802639609412381e+02 4.885265839313443159e+00
1.260500000000000114e+02 4.472010707626512271e+02 4.885265839313443159e+00
1.265000000000000000e+02 4.493923289355258817e+02 4.885265839313443159e+00
1.268500000000000085e+02 4.474589531121444566e+02 4.885265839313443159e+00
1.272500000000000000e+02 4.502526350145377592e+02 4.885265839313443159e+00
1.275000000000000000e+02 4.481634392509654390e+02 4.885265839313443159e+00
1.279000000000000057e+02 4.457359996354212512e+02 4.885265839313443159e+00
1.282500000000000000e+02 4.450096323281886725e+02 4.885265839313443159e+00
1.285500000000000114e+02 4.484027095746429268e+02 4.885265839313443159e+00
1.289500000000000171e+02 4.412410277429034977e+02 4.885265839313443159e+00
1.292500000000000000e+02 4.490415363323838847e+02 4.885265839313443159e+00
1.296500000000000057e+02 4.457094134532402450e+02 4.885265839313443159e+00
1.299000000000000057e+02 4.462592179140764870e+02 4.885265839313443159e+00
1.302000000000000171e+02 4.442091903762740230e+02 4.885265839313443159e+00
1.304500000000000171e+02 4.433946585802086702e+02 4.885265839313443159e+00
1.308499999999999943e+02 4.450891143674083423e+02 4.885265839313443159e+00
1.310999999999999943e+02 4.431675840148908492e+02 4.885265839313443159e+00
1.313499999999999943e+02 4.412645862165618951e+02 4.885265839313443159e+00
1.316500000000000057e+02 4.421650038106243983e+02 4.885265839313443159e+00
1.320000000000000000e+02 4.414512410049995879e+02 4.885265839313443159e+00
1.323499999999999943e+02 4.364267358439317945e+02 4.885265839313443159e+00
1.327000000000000171e+02 4.452461556519720602e+02 4.885265839313443159e+00
1.330000000000000000e+02 4.352242661436031881e+02 4.885265839313443159e+00
1.332500000000000000e+02 4.320086771992358194e+02 4.885265839313443159e+00
1.336500000000000057e+02 4.334758264887091173e+02 4.885265839313443159e+00
1.340500000000000114e+02 4.327710653091138511e+02 4.885265839313443159e+00
1.343499999999999943e+02 4.400793665184541510e+02 4.885265839313443159e+00
1.347000000000000171e+02 4.349818914215454697e+02 4.885265839313443159e+00
1.349000000000000057e+02 4.357092230309426100e+02 4.885265839313443159e+00
1.352000000000000171e+02 4.371467145932614926e+02 4.885265839313443159e+00
1.354500000000000171e+02 4.259679842001514203e+02 4.885265839313443159e+00
1.358000000000000114e+02 4.362502259946705863e+02 4.885265839313443159e+00
1.360500000000000114e+02 4.166326239760078352e+02 4.885265839313443159e+00
1.364000000000000057e+02 4.282289655150489125e+02 4.885265839313443159e+00
1.367500000000000000e+02 4.096883469290475546e+02 4.885265839313443159e+00
1.370999999999999943e+02 4.138690445753631479e+02 4.885265839313443159e+00
1.375000000000000000e+02 4.128227340514848720e+02 4.885265839313443159e+00
1.378000000000000114e+02 4.081027257464875220e+02 4.885265839313443159e+00
1.380999999999999943e+02 4.123168002807288417e+02 4.885265839313443159e+00
1.384500000000000171e+02 4.154455361244495180e+02 4.885265839313443159e+00
1.386500000000000057e+02 4.148907453763490025e+02 4.885265839313443159e+00
1.389000000000000057e+02 3.998361060504913098e+02 4.885265839313443159e+00
1.392000000000000171e+02 4.113217135465801562e+02 4.885265839313443159e+00
1.394500000000000171e+02 4.029591190390380007e+02 4.885265839313443159e+00
1.397000000000000171e+02 4.125712492501142492e+02 4.885265839313443159e+00
1.401500000000000057e+02 3.978580567123781861e+02 4.885265839313443159e+00
1.404000000000000057e+02 3.997772433245906427e+02 4.885265839313443159e+00
1.408000000000000114e+02 3.967594250145407955e+02 4.885265839313443159e+00
1.410500000000000114e+02 3.987006595202918220e+02 4.885265839313443159e+00
1.414500000000000171e+02 3.949400620181653494e+02 4.885265839313443159e+00
1.417500000000000000e+02 3.841795799075949844e+02 4.885265839313443159e+00
1.420000000000000000e+02 3.887886513249990230e+02 4.885265839313443159e+00
1.423000000000000114e+02 4.060308124464684170e+02 4.885265839313443159e+00
1.427000000000000171e+02 3.957779976752071320e+02 4.885265839313443159e+00
1.430000000000000000e+02 3.972550898302037012e+02 4.885265839313443159e+00
1.432500000000000000e+02 3.880521831925352672e+02 4.885265839313443159e+00
1.435999999999999943e+02 3.952918822358507782e+02 4.885265839313443159e+00
1.439500000000000171e+02 3.932057481217182726e+02 4.885265839313443159e+00
1.443000000000000114e+02 3.878930753094249440e+02 4.885265839313443159e+00
1.446500000000000057e+02 3.901106002184013732e+02 4.885265839313443159e+00
1.450000000000000000e+02 3.972865375410625575e+02 4.885265839313443159e+00
1.454000000000000057e+02 3.876484241333333784e+02 4.885265839313443159e+00
1.457000000000000171e+02 3.927421720551624276e+02 4.885265839313443159e+00
1.459500000000000171e+02 4.007214910938909043e+02 4.885265839313443159e+00
1.463499999999999943e+02 3.974167298869770661e+02 4.885265839313443159e+00
1.465999999999999943e+02 3.845555064559024459e+02 4.885265839313443159e+00
1.469000000000000057e+02 3.882956404127381802e+02 4.885265839313443159e+00
1.471500000000000057e+02 4.010023368043674168e+02 4.885265839313443159e+00
1.474000000000000057e+02 3.882455491182669789e+02 4.885265839313443159e+00
1.477000000000000171e+02 3.964814589039997941e+02 4.885265839313443159e+00
1.480500000000000114e+02 3.897417298663917222e+02 4.885265839313443159e+00
1.483000000000000114e+02 3.894178590848208046e+02 4.885265839313443159e+00
1.485999999999999943e+02 3.928528080657647479e+02 4.885265839313443159e+00
1.488499999999999943e+02 3.995413398314107667e+02 4.885265839313443159e+00
1.491500000000000057e+02 3.925224710080426576e+02 4.885265839313443159e+00
1.494000000000000057e+02 3.910944093290188448e+02 4.885265839313443159e+00
1.497000000000000171e+02 4.006829002770634247e+02 4.885265839313443159e+00
1.500500000000000114e+02 3.923354668765474571e+02 4.885265839313443159e+00
1.503499999999999943e+02 3.991884447572477370e+02 4.885265839313443159e+00
1.507000000000000171e+02 3.973876483518055238e+02 4.885265839313443159e+00
1.509000000000000057e+02 3.844108322316484418e+02 4.885265839313443159e+00
1.513000000000000114e+02 3.985447797728068053e+02 4.885265839313443159e+00
1.515500000000000114e+02 3.996179875739194358e+02 4.885265839313443159e+00
1.518000000000000114e+02 3.904399441602264460e+02 4.885265839313443159e+00
1.522000000000000171e+02 4.017525815063931987e+02 4.885265839313443159e+00
1.525500000000000114e+02 3.991278865019804698e+02 4.885265839313443159e+00
1.529000000000000057e+02 4.020034863858809331e+02 4.885265839313443159e+00
1.532500000000000000e+02 4.006172460758399438e+02 4.885265839313443159e+00
1.535000000000000000e+02 3.885850551171122902e+02 4.885265839313443159e+00
1.538500000000000227e+02 4.026141013778513411e+02 4.885265839313443159e+00
1.542500000000000000e+02 4.066871318791156682e+02 4.885265839313443159e+00
1.546000000000000227e+02 4.001160051720088404e+02 4.885265839313443159e+00
1.549500000000000171e+02 3.966263061382148862e+02 4.885265839313443159e+00
1.552500000000000000e+02 3.921705835321299105e+02 4.885265839313443159e+00
1.555000000000000000e+02 4.004477453195985390e+02 4.885265839313443159e+00
1.558000000000000114e+02 3.955507695753385065e+02 4.885265839313443159e+00
1.561000000000000227e+02 4.012188469997835227e+02 4.885265839313443159e+00
1.564000000000000057e+02 4.031786456848619764e+02 4.885265839313443159e+00
1.566500000000000057e+02 3.938907386025663300e+02 4.885265839313443159e+00
1.569500000000000171e+02 4.051077096080202296e+02 4.885265839313443159e+00
1.573000000000000114e+02 3.989378312711708077e+02 4.885265839313443159e+00
1.576500000000000057e+02 4.079140529985306216e+02 4.885265839313443159e+00
1.581000000000000227e+02 4.011354328886946519e+02 4.885265839313443159e+00
1.583000000000000114e+02 4.038246699378942708e+02 4.885265839313443159e+00
1.586000000000000227e+02 4.095313440466197790e+02 4.885265839313443159e+00
1.589500000000000171e+02 4.004973340052797539e+02 4.885265839313443159e+00
1.592500000000000000e+02 4.089527896233959723e+02 4.885265839313443159e+00
1.594500000000000171e+02 4.122172373958487697e+02 4.885265839313443159e+00
1.596500000000000057e+02 3.991900424701447037e+02 4.885265839313443159e+00
1.599500000000000171e+02 4.049873135955820658e+02 4.885265839313443159e+00
1.603500000000000227e+02 4.171975898356668040e+02 4.885265839313443159e+00
1.606500000000000057e+02 4.007336858726151263e+02 4.885265839313443159e+00
1.609500000000000171e+02 4.015498949546560539e+02 4.885265839313443159e+00
1.611500000000000057e+02 4.080532910081151954e+02 4.885265839313443159e+00
1.614500000000000171e+02 4.084319454401079383e+02 4.885265839313443159e+00
1.617000000000000171e+02 4.075046912188714714e+02 4.885265839313443159e+00
1.620000000000000000e+02 4.171536708265916218e+02 4.885265839313443159e+00
1.623500000000000227e+02 4.115684408032424244e+02 4.885265839313443159e+00
1.626500000000000057e+02 4.110465975547364792e+02 4.885265839313443159e+00
1.630500000000000114e+02 4.175877072348060324e+02 4.885265839313443159e+00
1.633500000000000227e+02 4.147440116580735889e+02 4.885265839313443159e+00
1.636500000000000057e+02 4.140323284054343844e+02 4.885265839313443159e+00
1.639000000000000057e+02 4.198296585786687274e+02 4.885265839313443159e+00
1.643000000000000114e+02 4.230805136373903679e+02 4.885265839313443159e+00
1.647000000000000171e+02 4.157337992467440699e+02 4.885265839313443159e+00
1.651000000000000227e+02 4.350176915809727802e+02 4.885265839313443159e+00
1.654500000000000171e+02 4.380606780558469495e+02 4.885265839313443159e+00
1.657000000000000171e+02 4.368664900890546505e+02 4.885265839313443159e+00
1.660500000000000114e+02 4.379021390875950033e+02 4.885265839313443159e+00
1.663500000000000227e+02 4.397027863639611951e+02 4.885265839313443159e+00
1.666500000000000057e+02 4.375094777681107985e+02 4.885265839313443159e+00
1.669500000000000171e+02 4.484201450385713201e+02 4.885265839313443159e+00
1.672500000000000000e+02 4.478618885698739405e+02 4.885265839313443159e+00
1.676000000000000227e+02 4.420089842735397951e+02 4.885265839313443159e+00
1.679000000000000057e+02 4.480034345993124134e+02 4.885265839313443159e+00
1.682000000000000171e+02 4.612274680033677896e+02 4.885265839313443159e+00
1.684000000000000057e+02 4.562335752091663608e+02 4.885265839313443159e+00
1.687500000000000000e+02 4.599489412932931600e+02 4.885265839313443159e+00
1.690500000000000114e+02 4.591665771156686446e+02 4.885265839313443159e+00
1.693500000000000227e+02 4.603514208720770853e+02 4.885265839313443159e+00
1.696500000000000057e+02 4.552732104957617594e+02 4.885265839313443159e+00
1.700000000000000000e+02 4.577981371514828197e+02 4.885265839313443159e+00
1.704000000000000057e+02 4.596325932038786277e+02 4.885265839313443159e+00
1.706500000000000057e+02 4.639908109703960122e+02 4.885265839313443159e+00
1.710000000000000000e+02 4.728435230295338556e+02 4.885265839313443159e+00
1.712500000000000000e+02 4.673577109419936164e+02 4.885265839313443159e+00
1.716000000000000227e+02 4.712145558488210781e+02 4.885265839313443159e+00
1.718000000000000114e+02 4.715558711155892979e+02 4.885265839313443159e+00
1.721500000000000057e+02 4.697311031361261371e+02 4.885265839313443159e+00
1.725000000000000000e+02 4.783315695774936671e+02 4.885265839313443159e+00
1.728000000000000114e+02 4.729304852743465517e+02 4.885265839313443159e+00
1.730500000000000114e+02 4.741486105889658802e+02 4.885265839313443159e+00
1.733500000000000227e+02 4.751639853885762363e+02 4.885265839313443159e+00
1.736500000000000057e+02 4.702657284674695575e+02 4.885265839313443159e+00
1.740000000000000000e+02 4.701952230103655666e+02 4.885265839313443159e+00
1.744000000000000057e+02 4.719014810996582696e+02 4.885265839313443159e+00
1.748500000000000227e+02 4.659805309305019705e+02 4.885265839313443159e+00
1.752000000000000171e+02 4.639943866541045736e+02 4.885265839313443159e+00
1.755000000000000000e+02 4.659865062454250051e+02 4.885265839313443159e+00
1.757500000000000000e+02 4.603029092152572161e+02 4.885265839313443159e+00
1.761500000000000057e+02 4.778513069766809167e+02 4.885265839313443159e+00
1.764000000000000057e+02 4.603724648498456418e+02 4.885265839313443159e+00
1.767500000000000000e+02 4.594341770933733642e+02 4.885265839313443159e+00
1.770500000000000114e+02 4.704577448424354316e+02 4.885265839313443159e+00
1.774000000000000057e+02 4.732505557392372566e+02 4.885265839313443159e+00
1.776000000000000227e+02 4.658189117054063786e+02 4.885265839313443159e+00
1.780000000000000000e+02 4.548126954720271442e+02 4.885265839313443159e+00
1.783000000000000114e+02 4.582733651907030890e+02 4.885265839313443159e+00
1.786000000000000227e+02 4.780414268851745305e+02 4.885265839313443159e+00
1.789000000000000057e+02 4.714794762039213083e+02 4.885265839313443159e+00
1.792500000000000000e+02 4.708171987684494297e+02 4.885265839313443159e+00
1.795000000000000000e+02 4.704818736861258799e+02 4.885265839313443159e+00
1.798000000000000114e+02 4.752923858477954582e+02 4.885265839313443159e+00
1.801000000000000227e+02 4.789484196206713023e+02 4.885265839313443159e+00
1.804500000000000171e+02 4.631288044633089385e+02 4.885265839313443159e+00
1.807500000000000000e+02 4.747886665138099147e+02 4.885265839313443159e+00
1.810500000000000114e+02 4.739450063314926069e+02 4.885265839313443159e+00
1.814500000000000171e+02 4.739198270876282777e+02 4.885265839313443159e+00
1.817500000000000000e+02 4.845828439923036512e+02 4.885265839313443159e+00
1.820500000000000114e+02 4.714171271870540636e+02 4.885265839313443159e+00
1.823000000000000114e+02 4.759313110553407000e+02 4.885265839313443159e+00
1.826500000000000057e+02 4.686987195362917760e+02 4.885265839313443159e+00
1.829500000000000171e+02 4.746685448888448491e+02 4.885265839313443159e+00
1.832500000000000000e+02 4.738762288132996332e+02 4.885265839313443159e+00
1.836000000000000227e+02 4.848212786170911954e+02 4.885265839313443159e+00
1.839500000000000171e+02 4.764633504954877594e+02 4.885265839313443159e+00
1.844000000000000057e+02 4.825585307337374843e+02 4.885265839313443159e+00
1.847000000000000171e+02 4.925372255993343060e+02 4.885265839313443159e+00
1.849500000000000171e+02 4.886047525635394209e+02 4.885265839313443159e+00
1.852500000000000000e+02 4.801898527839514372e+02 4.885265839313443159e+00
1.855500000000000114e+02 4.836942700879227459e+02 4.885265839313443159e+00
1.858500000000000227e+02 4.936880329397439482e+02 4.885265839313443159e+00
1.862000000000000171e+02 4.864393235923802763e+02 4.885265839313443159e+00
1.865500000000000114e+02 4.989959709200268776e+02 4.885265839313443159e+00
1.868000000000000114e+02 4.941196867147108946e+02 4.885265839313443159e+00
1.871000000000000227e+02 5.049535802479155109e+02 4.885265839313443159e+00
1.873500000000000227e+02 4.954727838712325934e+02 4.885265839313443159e+00
1.876500000000000057e+02 5.098826512427236253e+02 4.885265839313443159e+00
1.879000000000000057e+02 5.085563573498516234e+02 4.885265839313443159e+00
1.881500000000000057e+02 4.998483944431092141e+02 4.885265839313443159e+00
1.885000000000000000e+02 4.975369260135861396e+02 4.885265839313443159e+00
1.887000000000000171e+02 5.094391529699733496e+02 4.885265839313443159e+00
1.890000000000000000e+02 5.106898483437055916e+02 4.885265839313443159e+00
1.894000000000000057e+02 5.126579390604852051e+02 4.885265839313443159e+00
1.896000000000000227e+02 5.104749378850398784e+02 4.885265839313443159e+00
1.898000000000000114e+02 5.064760144380061888e+02 4.885265839313443159e+00
1.901000000000000227e+02 5.064551210835842880e+02 4.885265839313443159e+00
1.903500000000000227e+02 5.111474431150151077e+02 4.885265839313443159e+00
1.907000000000000171e+02 5.051952252475198861e+02 4.885265839313443159e+00
1.910000000000000000e+02 5.112777545435347974e+02 4.885265839313443159e+00
1.914000000000000057e+02 5.073682505586285743e+02 4.885265839313443159e+00
1.917000000000000171e+02 5.075944754431376396e+02 4.885265839313443159e+00
1.920500000000000114e+02 5.131010053480924853e+02 4.885265839313443159e+00
1.924000000000000057e+02 5.158701201013290074e+02 4.885265839313443159e+00
1.929000000000000057e+02 5.110267971135542098e+02 4.885265839313443159e+00
1.932000000000000171e+02 5.158930702767900129e+02 4.885265839313443159e+00
1.936500000000000057e+02 5.092286637005414036e+02 4.885265839313443159e+00
1.939500000000000171e+02 5.136431864443712811e+02 4.885265839313443159e+00
1.942000000000000171e+02 5.058580368760516421e+02 4.885265839313443159e+00
1.944500000000000171e+02 5.023755579273981198e+02 4.885265839313443159e+00
1.948000000000000114e+02 5.086037747929743773e+02 4.885265839313443159e+00
1.951500000000000057e+02 5.059758650743677322e+02 4.885265839313443159e+00
1.953500000000000227e+02 5.074728957685721298e+02 4.885265839313443159e+00
1.957500000000000000e+02 5.022511067014263517e+02 4.885265839313443159e+00
1.962000000000000171e+02 4.957456578177782376e+02 4.885265839313443159e+00
1.965500000000000114e+02 4.912107867865368007e+02 4.885265839313443159e+00
1.968000000000000114e+02 4.929153140860747158e+02 4.885265839313443159e+00
1.970500000000000114e+02 4.932758166199814696e+02 4.885265839313443159e+00
1.974000000000000057e+02 4.834098528400334658e+02 4.885265839313443159e+00
1.977000000000000171e+02 4.809862915424305356e+02 4.885265839313443159e+00
1.980000000000000000e+02 4.856613151041062793e+02 4.885265839313443159e+00
1.983000000000000114e+02 4.845464851686689371e+02 4.885265839313443159e+00
1.985500000000000114e+02 4.778658336800260145e+02 4.885265839313443159e+00
1.988500000000000227e+02 4.775227339210084665e+02 4.885265839313443159e+00
1.991000000000000227e+02 4.686129254583022430e+02 4.885265839313443159e+00
1.995000000000000000e+02 4.803883916165917753e+02 4.885265839313443159e+00
1.999500000000000171e+02 4.838313430467000558e+02 4.885265839313443159e+00
2.002500000000000000e+02 4.758957917128991539e+02 4.885265839313443159e+00
2.006500000000000057e+02 4.774324784509166761e+02 4.885265839313443159e+00
2.009500000000000171e+02 4.829446305769181436e+02 4.885265839313443159e+00
2.013500000000000227e+02 4.795298888596163920e+02 4.885265839313443159e+00
2.015500000000000114e+02 4.718541845188389630e+02 4.885265839313443159e+00
2.019000000000000057e+02 4.838347081620696031e+02 4.885265839313443159e+00
2.022000000000000171e+02 4.854520344626679389e+02 4.885265839313443159e+00
2.026000000000000227e+02 4.848401600636361763e+02 4.885265839313443159e+00
2.028500000000000227e+02 4.768882250508194716e+02 4.885265839313443159e+00
2.032500000000000000e+02 4.684923301151467285e+02 4.885265839313443159e+00
2.035500000000000114e+02 4.731597717474759861e+02 4.885265839313443159e+00
2.039000000000000057e+02 4.653567838592657040e+02 4.885265839313443159e+00
2.042500000000000000e+02 4.671007114012742818e+02 4.885265839313443159e+00
2.045000000000000000e+02 4.864246103603621805e+02 4.885265839313443159e+00
2.047500000000000000e+02 4.741466159037089483e+02 4.885265839313443159e+00
2.050500000000000114e+02 4.695685730735780226e+02 4.885265839313443159e+00
2.053500000000000227e+02 4.690298168546044622e+02 4.885265839313443159e+00
2.056500000000000057e+02 4.637811319728465946e+02 4.885265839313443159e+00
2.060500000000000114e+02 4.637370501284088959e+02 4.885265839313443159e+00
2.063000000000000114e+02 4.657202306555583959e+02 4.885265839313443159e+00
2.065500000000000114e+02 4.601292760447817614e+02 4.885265839313443159e+00
2.069000000000000057e+02 4.644491881710701477e+02 4.885265839313443159e+00
2.072500000000000000e+02 4.626278070845953039e+02 4.885265839313443159e+00
2.076000000000000227e+02 4.608200780926831612e+02 4.885265839313443159e+00
2.078000000000000114e+02 4.667517554830959625e+02 4.885265839313443159e+00
2.081000000000000227e+02 4.647427637374771052e+02 4.885265839313443159e+00
2.084500000000000171e+02 4.628669589663581405e+02 4.885265839313443159e+00
2.087500000000000000e+02 4.751832485649014188e+02 4.885265839313443159e+00
2.091000000000000227e+02 4.729484562014637277e+02 4.885265839313443159e+00
2.094000000000000057e+02 4.722301648116376214e+02 4.885265839313443159e+00
2.096500000000000057e+02 4.766496938688026717e+02 4.885265839313443159e+00
2.099500000000000171e+02 4.744578208952310092e+02 4.885265839313443159e+00
2.102500000000000000e+02 4.698513380856109052e+02 4.885265839313443159e+00
2.105500000000000114e+02 4.765696214085618294e+02 4.885265839313443159e+00
2.108500000000000227e+02 4.788400299010436356e+02 4.885265839313443159e+00
2.111500000000000057e+02 4.725967858470066858e+02 4.885265839313443159e+00
2.115000000000000000e+02 4.748082812082089958e+02 4.885265839313443159e+00
2.117500000000000000e+02 4.753636078600173391e+02 4.885265839313443159e+00
2.120000000000000000e+02 4.746732365580775195e+02 4.885265839313443159e+00
2.122000000000000171e+02 4.721051446691030264e+02 4.885265839313443159e+00
2.124500000000000171e+02 4.656618658274931590e+02 4.885265839313443159e+00
2.128000000000000114e+02 4.555761442645663237e+02 4.885265839313443159e+00
2.130500000000000114e+02 4.650059904941034574e+02 4.885265839313443159e+00
2.134000000000000057e+02 4.697151814115032380e+02 4.885265839313443159e+00
2.138000000000000114e+02 4.698330956570076751e+02 4.885265839313443159e+00
2.141500000000000057e+02 4.620277064765564319e+02 4.885265839313443159e+00
2.144000000000000057e+02 4.748397287966175782e+02 4.885265839313443159e+00
2.147000000000000171e+02 4.652115433698539277e+02 4.885265839313443159e+00
2.150500000000000114e+02 4.696065043072384242e+02 4.885265839313443159e+00
2.153000000000000114e+02 4.670057196737807885e+02 4.885265839313443159e+00
2.155500000000000114e+02 4.622332343331344191e+02 4.885265839313443159e+00
2.159000000000000057e+02 4.705469065905856496e+02 4.885265839313443159e+00
2.161500000000000057e+02 4.696967992945765786e+02 4.885265839313443159e+00
2.164500000000000171e+02 4.700412758616334941e+02 4.885265839313443159e+00
2.167500000000000000e+02 4.739297622412842088e+02 4.885265839313443159e+00
2.171500000000000057e+02 4.731640977475831846e+02 4.885265839313443159e+00
2.174000000000000057e+02 4.719183148611326715e+02 4.885265839313443159e+00
2.178000000000000114e+02 4.769878107603920512e+02 4.885265839313443159e+00
2.181500000000000057e+02 4.794202993615718924e+02 4.885265839313443159e+00
2.184000000000000057e+02 4.745307869562017231e+02 4.885265839313443159e+00
2.187500000000000000e+02 4.716485276478472883e+02 4.885265839313443159e+00
2.192000000000000171e+02 4.769748829528903684e+02 4.885265839313443159e+00
2.195500000000000114e+02 4.725041019094309718e+02 4.885265839313443159e+00
2.198500000000000227e+02 4.719161947018047840e+02 4.885265839313443159e+00
2.202500000000000000e+02 4.798364719952937207e+02 4.885265839313443159e+00
2.205500000000000114e+02 4.751587120742489105e+02 4.885265839313443159e+00
2.209000000000000057e+02 4.783781864568740616e+02 4.885265839313443159e+00
2.211500000000000057e+02 4.684481686889862999e+02 4.885265839313443159e+00
2.214000000000000057e+02 4.742536119033477462e+02 4.885265839313443159e+00
2.216000000000000227e+02 4.786953395634641311e+02 4.885265839313443159e+00
2.219500000000000171e+02 4.724964120703396020e+02 4.885265839313443159e+00
2.222500000000000000e+02 4.788915612248571847e+02 4.885265839313443159e+00
2.225000000000000000e+02 4.744026108045939623e+02 4.885265839313443159e+00
2.228500000000000227e+02 4.738339697210299164e+02 4.885265839313443159e+00
2.231500000000000057e+02 4.694790152074025968e+02 4.885265839313443159e+00
2.234500000000000171e+02 4.816666242519876278e+02 4.885265839313443159e+00
2.237500000000000000e+02 4.731087064275037051e+02 4.885265839313443159e+00
2.240500000000000114e+02 4.713897457494539367e+02 4.885265839313443159e+00
2.245000000000000000e+02 4.766457042487519402e+02 4.885265839313443159e+00
2.247500000000000000e+02 4.794625189267719634e+02 4.885265839313443159e+00
2.251000000000000227e+02 4.810907895068621656e+02 4.885265839313443159e+00
2.254500000000000171e+02 4.850980226689079586e+02 4.885265839313443159e+00
2.257500000000000000e+02 4.795866050638978777e+02 4.885265839313443159e+00
2.260500000000000114e+02 4.805724189023288204e+02 4.885265839313443159e+00
2.264000000000000057e+02 4.751408146993682067e+02 4.885265839313443159e+00
2.266000000000000227e+02 4.763958272919101091e+02 4.885265839313443159e+00
2.269500000000000171e+02 4.870088484242887716e+02 4.885265839313443159e+00
2.272000000000000171e+02 4.850851116637331302e+02 4.885265839313443159e+00
2.274500000000000171e+02 4.735018585732873362e+02 4.885265839313443159e+00
2.277500000000000000e+02 4.846615682630661581e+02 4.885265839313443159e+00
2.281500000000000057e+02 4.879698330472519956e+02 4.885265839313443159e+00
2.285500000000000114e+02 4.807351223455077616e+02 4.885265839313443159e+00
2.287500000000000000e+02 4.871678917267161637e+02 4.885265839313443159e+00
2.291500000000000057e+02 4.885291161530049067e+02 4.885265839313443159e+00
2.294000000000000057e+02 4.837608924274696847e+02 4.885265839313443159e+00
2.297000000000000171e+02 4.772590547698285377e+02 4.885265839313443159e+00
2.299500000000000171e+02 4.862746158570221269e+02 4.885265839313443159e+00
2.302000000000000171e+02 4.802746721615642400e+02 4.885265839313443159e+00
2.305500000000000114e+02 4.735999896008008818e+02 4.885265839313443159e+00
2.308500000000000227e+02 4.900424224351867224e+02 4.885265839313443159e+00
2.311000000000000227e+02 4.838358498961869714e+02 4.885265839313443159e+00
2.315000000000000000e+02 4.833120274450098464e+02 4.885265839313443159e+00
2.318500000000000227e+02 4.990664594624956862e+02 4.885265839313443159e+00
2.321000000000000227e+02 4.860389350027742807e+02 4.885265839313443159e+00
2.324000000000000057e+02 5.040615773148676340e+02 4.885265839313443159e+00
2.326500000000000057e+02 4.825087806615422323e+02 4.885265839313443159e+00
2.330000000000000000e+02 4.787176629695836141e+02 4.885265839313443159e+00
2.333000000000000114e+02 4.848498106251134345e+02 4.885265839313443159e+00
2.336500000000000057e+02 4.838704444495961070e+02 4.885265839313443159e+00
2.338500000000000227e+02 4.857016838301559574e+02 4.885265839313443159e+00
2.341500000000000057e+02 4.819663934017974043e+02 4.885265839313443159e+00
2.345000000000000000e+02 4.800292795681555162e+02 4.885265839313443159e+00
2.347500000000000000e+02 4.805230071093799893e+02 4.885265839313443159e+00
2.350500000000000114e+02 4.805821575512343884e+02 4.885265839313443159e+00
2.353000000000000114e+02 4.749369562318555609e+02 4.885265839313443159e+00
2.356500000000000057e+02 4.760047146943004464e+02 4.885265839313443159e+00
2.360000000000000000e+02 4.757948048056587140e+02 4.885265839313443159e+00
2.363000000000000114e+02 4.761418948904434956e+02 4.885265839313443159e+00
2.367000000000000171e+02 4.762180693993097975e+02 4.885265839313443159e+00
2.371000000000000227e+02 4.769889375658425479e+02 4.885265839313443159e+00
2.374000000000000057e+02 4.735851369279277492e+02 4.885265839313443159e+00
2.377000000000000171e+02 4.719223577803124385e+02 4.885265839313443159e+00
2.381000000000000227e+02 4.685466661669876203e+02 4.885265839313443159e+00
2.383500000000000227e+02 4.572228085168482039e+02 4.885265839313443159e+00
2.386000000000000227e+02 4.572440043091318103e+02 4.885265839313443159e+00
2.389000000000000057e+02 4.668442010158135531e+02 4.885265839313443159e+00
2.392500000000000000e+02 4.674831203339542185e+02 4.885265839313443159e+00
2.394500000000000171e+02 4.648531428074501264e+02 4.885265839313443159e+00
2.397500000000000000e+02 4.555832992528536352e+02 4.885265839313443159e+00
2.401000000000000227e+02 4.557651115018853147e+02 4.885265839313443159e+00
2.404500000000000171e+02 4.634289512344299169e+02 4.885265839313443159e+00
2.408000000000000114e+02 4.502389221327073301e+02 4.885265839313443159e+00
2.410500000000000114e+02 4.627703378414152553e+02 4.885265839313443159e+00
2.413000000000000114e+02 4.584444383906552503e+02 4.885265839313443159e+00
2.416500000000000057e+02 4.514582689987441313e+02 4.885265839313443159e+00
2.418500000000000227e+02 4.502776266082109373e+02 4.885265839313443159e+00
2.421500000000000057e+02 4.450918940787815359e+02 4.885265839313443159e+00
2.425000000000000000e+02 4.515736016565965656e+02 4.885265839313443159e+00
2.428000000000000114e+02 4.534184591896637926e+02 4.885265839313443159e+00
2.432000000000000171e+02 4.396207155199821841e+02 4.885265839313443159e+00
2.435000000000000000e+02 4.351085167774766660e+02 4.885265839313443159e+00
2.438500000000000227e+02 4.308118050225178308e+02 4.885265839313443159e+00
2.442000000000000171e+02 4.475380242683151550e+02 4.885265839313443159e+00
2.444000000000000057e+02 4.330803788484327583e+02 4.885265839313443159e+00
2.447000000000000171e+02 4.314394861232132143e+02 4.885265839313443159e+00
2.450000000000000000e+02 4.340905744230360597e+02 4.885265839313443159e+00
2.453500000000000227e+02 4.282374608984230804e+02 4.885265839313443159e+00
2.457500000000000000e+02 4.189125623134050898e+02 4.885265839313443159e+00
2.461000000000000227e+02 4.254750894141485560e+02 4.885265839313443159e+00
2.464500000000000171e+02 4.256295775341892522e+02 4.885265839313443159e+00
2.468500000000000227e+02 4.209631036450026613e+02 4.885265839313443159e+00
2.472000000000000171e+02 4.255168226459014136e+02 4.885265839313443159e+00
2.475000000000000000e+02 4.254001576083149985e+02 4.885265839313443159e+00
2.478500000000000227e+02 4.253005072779732814e+02 4.885265839313443159e+00
2.481000000000000227e+02 4.283672890446513293e+02 4.885265839313443159e+00
2.484000000000000057e+02 4.185478635743870655e+02 4.885265839313443159e+00
2.488000000000000114e+02 4.256036563294153439e+02 4.885265839313443159e+00
2.491000000000000227e+02 4.236369102828346058e+02 4.885265839313443159e+00
2.494000000000000057e+02 4.197645301073519022e+02 4.885265839313443159e+00
2.497000000000000171e+02 4.221164618222617833e+02 4.885265839313443159e+00
2.500500000000000114e+02 4.263468064019912163e+02 4.885265839313443159e+00
2.504000000000000057e+02 4.326126200823957220e+02 4.885265839313443159e+00
2.507000000000000171e+02 4.246893046809069006e+02 4.885265839313443159e+00
2.511500000000000057e+02 4.337524781918351664e+02 4.885265839313443159e+00
2.514500000000000171e+02 4.350249273163361750e+02 4.885265839313443159e+00
2.518500000000000227e+02 4.303750466856835146e+02 4.885265839313443159e+00
2.521500000000000057e+02 4.399057859356160520e+02 4.885265839313443159e+00
2.524000000000000057e+02 4.383900945612715532e+02 4.885265839313443159e+00
2.526000000000000227e+02 4.286718339810863654e+02 4.885265839313443159e+00
2.528500000000000227e+02 4.423785058724497503e+02 4.885265839313443159e+00
2.533000000000000114e+02 4.321407358778581056e+02 4.885265839313443159e+00
2.536000000000000227e+02 4.406299579925646412e+02 4.885265839313443159e+00
2.540000000000000000e+02 4.442100087294423929e+02 4.885265839313443159e+00
2.543000000000000114e+02 4.452226164002640871e+02 4.885265839313443159e+00
2.545500000000000114e+02 4.430100041130021964e+02 4.885265839313443159e+00
2.548000000000000114e+02 4.386463085994751054e+02 4.885265839313443159e+00
2.551500000000000057e+02 4.539074908557171852e+02 4.885265839313443159e+00
2.555000000000000000e+02 4.430867557876685510e+02 4.885265839313443159e+00
2.557500000000000000e+02 4.374243262561321899e+02 4.885265839313443159e+00
2.560000000000000000e+02 4.388134889021024492e+02 4.885265839313443159e+00
2.563000000000000114e+02 4.481075672030435726e+02 4.885265839313443159e+00
2.566500000000000341e+02 4.502514389486504456e+02 4.885265839313443159e+00
2.569000000000000341e+02 4.339125369828197449e+02 4.885265839313443159e+00
2.571500000000000341e+02 4.439040468645399073e+02 4.885265839313443159e+00
2.573500000000000227e+02 4.403363618572161613e+02 4.885265839313443159e+00
2.576500000000000341e+02 4.262743621396407434e+02 4.885265839313443159e+00
2.579499999999999886e+02 4.277350603405421907e+02 4.885265839313443159e+00
2.581500000000000341e+02 4.291733275087509014e+02 4.885265839313443159e+00
2.585500000000000114e+02 4.285309724995178726e+02 4.885265839313443159e+00
2.588500000000000227e+02 4.367649794316565135e+02 4.885265839313443159e+00
2.591999999999999886e+02 4.348217278656438225e+02 4.885265839313443159e+00
2.595500000000000114e+02 4.337335913261966880e+02 4.885265839313443159e+00
2.599000000000000341e+02 4.300748553675830976e+02 4.885265839313443159e+00
2.602500000000000000e+02 4.282647489374912766e+02 4.885265839313443159e+00
2.605500000000000114e+02 4.322711819552894781e+02 4.885265839313443159e+00
2.608000000000000114e+02 4.265953953944668910e+02 4.885265839313443159e+00
2.610500000000000114e+02 4.375025667279955428e+02 4.885265839313443159e+00
2.613000000000000114e+02 4.374944043296763994e+02 4.885265839313443159e+00
2.615500000000000114e+02 4.411555364738895832e+02 4.885265839313443159e+00
2.618000000000000114e+02 4.383079218381178634e+02 4.885265839313443159e+00
2.621500000000000341e+02 4.457036372243180722e+02 4.885265839313443159e+00
2.624499999999999886e+02 4.384633712282520150e+02 4.885265839313443159e+00
2.627500000000000000e+02 4.399471780903646163e+02 4.885265839313443159e+00
2.631000000000000227e+02 4.431509540965452061e+02 4.885265839313443159e+00
2.635500000000000114e+02 4.363159248701286970e+02 4.885265839313443159e+00
2.639499999999999886e+02 4.421635311956712258e+02 4.885265839313443159e+00
2.641500000000000341e+02 4.444973883621097457e+02 4.885265839313443159e+00
2.645000000000000000e+02 4.353287125456814124e+02 4.885265839313443159e+00
2.648000000000000114e+02 4.429940597546819276e+02 4.885265839313443159e+00
2.651999999999999886e+02 4.493312327768815635e+02 4.885265839313443159e+00
2.655000000000000000e+02 4.454126238992822664e+02 4.885265839313443159e+00
2.658500000000000227e+02 4.604218713517420838e+02 4.885265839313443159e+00
2.661500000000000341e+02 4.510501880356576976e+02 4.885265839313443159e+00
2.665000000000000000e+02 4.541043387150726858e+02 4.885265839313443159e+00
2.668000000000000114e+02 4.561039575364191023e+02 4.885265839313443159e+00
2.671000000000000227e+02 4.511088998971454203e+02 4.885265839313443159e+00
2.673500000000000227e+02 4.548120944702236557e+02 4.885265839313443159e+00
2.677500000000000000e+02 4.548827884281545266e+02 4.885265839313443159e+00
2.681000000000000227e+02 4.540159858851677086e+02 4.885265839313443159e+00
2.683500000000000227e+02 4.526396030455650816e+02 4.885265839313443159e+00
2.686000000000000227e+02 4.585018631104739484e+02 4.885265839313443159e+00
2.689000000000000341e+02 4.542910980965646672e+02 4.885265839313443159e+00
2.693000000000000114e+02 4.489900161957501723e+02 4.885265839313443159e+00
2.696500000000000341e+02 4.553487382374403296e+02 4.885265839313443159e+00
2.699000000000000341e+02 4.473629896291790260e+02 4.885265839313443159e+00
2.701500000000000341e+02 4.538604317419779477e+02 4.885265839313443159e+00
2.704000000000000341e+02 4.546928221817096869e+02 4.885265839313443159e+00
2.706500000000000341e+02 4.536678733850490630e+02 4.885265839313443159e+00
2.710500000000000114e+02 4.541650479755066385e+02 4.885265839313443159e+00
2.713500000000000227e+02 4.541303919515956409e+02 4.885265839313443159e+00
2.716000000000000227e+02 4.509039538557422588e+02 4.885265839313443159e+00
2.718500000000000227e+02 4.539297467406918258e+02 4.885265839313443159e+00
2.721500000000000341e+02 4.516035239410998656e+02 4.885265839313443159e+00
2.725500000000000114e+02 4.523350595331779118e+02 4.885265839313443159e+00
2.728500000000000227e+02 4.517376204661510997e+02 4.885265839313443159e+00
2.731000000000000227e+02 4.515950314276316817e+02 4.885265839313443159e+00
2.733500000000000227e+02 4.526573524166841480e+02 4.885265839313443159e+00
2.736000000000000227e+02 4.523315548532159482e+02 4.885265839313443159e+00
2.739000000000000341e+02 4.505946396850142719e+02 4.885265839313443159e+00
2.741000000000000227e+02 4.487491335508063344e+02 4.885265839313443159e+00
2.744499999999999886e+02 4.593778367739783448e+02 4.885265839313443159e+00
2.748000000000000114e+02 4.504614534102916537e+02 4.885265839313443159e+00
2.750500000000000114e+02 4.587981325394802070e+02 4.885265839313443159e+00
2.754000000000000341e+02 4.557774497265842228e+02 4.885265839313443159e+00
2.756500000000000341e+02 4.591439729291774370e+02 4.885265839313443159e+00
2.759000000000000341e+02 4.646114816054207495e+02 4.885265839313443159e+00
2.761500000000000341e+02 4.673983683963058979e+02 4.885265839313443159e+00
2.764499999999999886e+02 4.645467079306180267e+02 4.885265839313443159e+00
2.767500000000000000e+02 4.653923435004127782e+02 4.885265839313443159e+00
2.771000000000000227e+02 4.674151961755292746e+02 4.885265839313443159e+00
2.774499999999999886e+02 4.605969154618559287e+02 4.885265839313443159e+00
2.778000000000000114e+02 4.746059650755478856e+02 4.885265839313443159e+00
2.781000000000000227e+02 4.781266618147117242e+02 4.885265839313443159e+00
2.783500000000000227e+02 4.741662533998087383e+02 4.885265839313443159e+00
